1.231894382641207764e+12
6.195653046652453613e+11
5.109938217891988525e+11
4.474589476154501343e+11
4.025767946986231689e+11
3.679900245106658325e+11
3.399541709723535767e+11
3.164628665791339111e+11
2.963137357274807129e+11
2.787282909567243652e+11
2.631730059033261108e+11
2.492659174810828247e+11
2.367239376935095520e+11
2.253312715411080627e+11
2.149195388008534851e+11
2.053547489840641785e+11
1.965284740258259888e+11
1.883516915575343933e+11
1.807503832392228394e+11
1.736623191193296814e+11
1.670346635331945801e+11
1.608221623581994324e+11
1.549857496949286804e+11
1.494914623722174072e+11
1.443095838905456543e+11
1.394139617894653015e+11
1.347814577752327118e+11
1.303915006744963531e+11
1.262257198769190521e+11
1.222676424078037109e+11
1.185024407601620483e+11
1.149167215611462250e+11
1.114983473461614380e+11
1.082362853722262115e+11
1.051204786651937561e+11
1.021417354662793121e+11
9.929163399593167114e+10
9.656244004117355347e+10
9.394703533553472900e+10
9.143885506780096436e+10
8.903183314880638123e+10
8.672035410083943176e+10
8.449921062438854980e+10
8.236356605146774292e+10
8.030892102098841858e+10
7.833108381528898621e+10
7.642614388244761658e+10
7.459044813988760376e+10
7.282057971379783630e+10
7.111333881812300110e+10
6.946572551909904480e+10
6.787492416363885498e+10
6.633828928395758057e+10
6.485333281098887634e+10
6.341771245377086639e+10
6.202922111860073090e+10
6.068577725832216644e+10
5.938541605486450195e+10
5.812628135007737732e+10
5.690661824983032990e+10
5.572476633503791809e+10
5.457915342081567383e+10
5.346828981155027008e+10
5.239076300540911865e+10
5.134523280684830475e+10
5.033042681378576660e+10
4.934513622030113220e+10
4.838821198319503021e+10
4.745856119551000214e+10
4.655514377321343231e+10
4.567696935521754456e+10
4.482309442323049927e+10
4.399261962002851868e+10
4.318468725013076782e+10
4.239847894835015869e+10
4.163321350302698517e+10
4.088814482194695282e+10
4.016256003001782990e+10
3.945577768874205017e+10
3.876714612839005280e+10
3.809604188456062317e+10
3.744186823152020264e+10
3.680405380534997559e+10
3.618205131050784302e+10
3.557533630393371582e+10
3.498340605130222321e+10
3.440577845045716858e+10
3.384199101745438385e+10
3.329159993099620819e+10
3.275417913136663818e+10
3.222931947027270889e+10
3.171662790826910019e+10
3.121572675669137192e+10
3.072625296124956512e+10
3.024785742464327621e+10
2.978020436574908829e+10
2.932297071310729980e+10
2.887584553059595108e+10
2.843852947321983337e+10
2.801073427186270905e+10
