2.494618222243136640e+17
2.167945461372192000e+15
9.937784439320926250e+14
6.111624219376551250e+14
4.248653200417288125e+14
3.161636874389001250e+14
2.457470276565744375e+14
1.969015220735198438e+14
1.613418537634027812e+14
1.345064181367185781e+14
1.136837019198932656e+14
9.716469672449043750e+13
8.382122763613151562e+13
7.288007607199742188e+13
6.379459383491721094e+13
5.616809018036180469e+13
4.970621369778250000e+13
4.418631382594690625e+13
3.943713171076369531e+13
3.532498482857439062e+13
3.174415285736792578e+13
2.861005116302852734e+13
2.585429585712513672e+13
2.342107838214723438e+13
2.126446315787043750e+13
1.934634655994353906e+13
1.763489677835407031e+13
1.610334809561225586e+13
1.472905963339125781e+13
1.349277370478455859e+13
1.237802640773515820e+13
1.137067546862712891e+13
1.045851920591668164e+13
9.630986904183755859e+12
8.878885592585974609e+12
8.194191702670575195e+12
7.569878681488034180e+12
6.999773596814078125e+12
6.478437262046074219e+12
6.001063550688189453e+12
5.563394452248334961e+12
5.161648107019093750e+12
4.792457593835887695e+12
4.452818667542991211e+12
4.140044977756654785e+12
3.851729567334533203e+12
3.585711662716012695e+12
3.340047940401667969e+12
3.112987593300310547e+12
2.902950633289691406e+12
2.708508960043019531e+12
2.528369800464731445e+12
2.361361186762968750e+12
2.206419192193887207e+12
2.062576686528232422e+12
1.928953408944237305e+12
1.804747185864104492e+12
1.689226146248240479e+12
1.581721807887217285e+12
1.481622925971417969e+12
1.388370010230359863e+12
1.301450429673578857e+12
1.220394034806394775e+12
1.144769236444287842e+12
1.074179488162732422e+12
1.008260126204749878e+12
9.466755265054912109e+11
8.891165435081434326e+11
8.352981998032363281e+11
7.849575993630493164e+11
7.378520404057340088e+11
6.937573067633154297e+11
6.524661190723632812e+11
6.137867292768165283e+11
5.775416437989461670e+11
5.435664623839518433e+11
5.117088210661307373e+11
4.818274289723871460e+11
4.537911897945993042e+11
4.274783997458082886e+11
4.027760146834005127e+11
3.795789798500872803e+11
3.577896163631761475e+11
3.373170591853330688e+11
3.180767418452059326e+11
2.999899236521414795e+11
2.829832555729489136e+11
2.669883813160145569e+11
2.519415705062940674e+11
2.377833811341515198e+11
2.244583487325168762e+11
2.119146999771572266e+11
2.001040886218453369e+11
1.889813518745989990e+11
1.785042854959366455e+11
1.686334360573359985e+11
1.593319089397084961e+11
1.505651907793798523e+11
1.423009851842926941e+11
1.345090606472302246e+11
