4.987373415082276250e+14
4.251630957512520996e+12
1.921319410001754150e+12
1.166572107455846924e+12
8.013296841103591309e+11
5.895429145930726318e+11
4.532183909022399292e+11
3.592656071358466187e+11
2.913165412306875610e+11
2.403795700236666260e+11
2.011221389419542236e+11
1.701912167143497925e+11
1.453787775200949097e+11
1.251753426221536560e+11
1.085165460831546326e+11
9.463209893879803467e+10
8.295203949087194824e+10
7.304649487396949768e+10
6.458580661975836182e+10
5.731344435299195099e+10
5.102718373756851196e+10
4.556576167762583160e+10
4.079924388905257416e+10
3.662195950781104279e+10
3.294724298879363251e+10
2.970346927133266449e+10
2.683102815943944550e+10
2.427999004984219742e+10
2.200828687853756714e+10
1.998028141226308441e+10
1.816563233619405365e+10
1.653838683933339691e+10
1.507624974977699089e+10
1.375999083304734993e+10
1.257296106015485191e+10
1.150069544974474335e+10
1.053058516308167648e+10
9.651605352571844101e+09
8.854088167387113571e+09
8.129532541954788208e+09
7.470444107435365677e+09
6.870199895909779549e+09
6.322933550884233475e+09
5.823437572663908005e+09
5.367079778362802505e+09
4.949731670612965584e+09
4.567706822297014236e+09
4.217707716621513367e+09
3.896779750239693165e+09
3.602271325079704285e+09
3.331799132307518005e+09
3.083217877474085331e+09
2.854593815664927959e+09
2.644181564360258579e+09
2.450403743668424129e+09
2.271833061768840790e+09
2.107176520265383244e+09
1.955261461826007128e+09
1.815023222463280916e+09
1.685494184536092758e+09
1.565794055063509226e+09
1.455121218040137768e+09
1.352745030004609823e+09
1.257998945562853098e+09
1.170274374506808519e+09
1.089015184950714111e+09
1.013712777878048897e+09
9.439016679296412468e+08
8.791555133996075392e+08
8.190835454350979328e+08
7.633273525214396715e+08
7.115579816133910418e+08
6.634733218617541790e+08
6.187957408793663979e+08
5.772699469785397053e+08
5.386610538539986610e+08
5.027528268563266993e+08
4.693460923365189433e+08
4.382572935968236923e+08
4.093171787894181609e+08
3.823696076959635615e+08
3.572704657252461314e+08
3.338866747067589760e+08
3.120952911557751894e+08
2.917826836580105424e+08
2.728437818847593069e+08
2.551813905157840848e+08
2.387055620288745761e+08
2.233330229219574332e+08
2.089866484747677445e+08
1.955949816400741637e+08
1.830917920860154331e+08
1.714156717971521914e+08
1.605096639875276685e+08
1.503209223889120221e+08
1.408003982554561794e+08
1.319025526757294238e+08
1.235850920076449215e+08
1.158087244538331628e+08
1.085369359770163894e+08
