5.159935491714921875e+14
2.608497699325237812e+14
2.155806513423560625e+14
1.890638677066216875e+14
1.703093403793258750e+14
1.558369178612547188e+14
1.440879259190185000e+14
1.342275617556775000e+14
1.257557906179563906e+14
1.183490315368916094e+14
1.117856440005247188e+14
1.059070391374427812e+14
1.005957455175929219e+14
9.576226419479262500e+13
9.133679699889320312e+13
8.726382795120234375e+13
8.349845202197385938e+13
8.000381536010903125e+13
7.674928580400321875e+13
7.370911684463785938e+13
7.086145327793673438e+13
6.818757862018608594e+13
6.567133689491005469e+13
6.329868236117907812e+13
6.105732457703560156e+13
5.893644550126771094e+13
5.692647172587677344e+13
5.501888939352260156e+13
5.320609251483846094e+13
5.148125768284240625e+13
4.983823983431265625e+13
4.827148493722869531e+13
4.677595639573418750e+13
4.534707265338860156e+13
4.398065400051975000e+13
4.267287699483105469e+13
4.142023521706137500e+13
4.021950532772852344e+13
3.906771758323425781e+13
3.796213012203442188e+13
3.690020645314274219e+13
3.587959567690731250e+13
3.489811504687308203e+13
3.395373454561967578e+13
3.304456319979511328e+13
3.216883690252097266e+13
3.132490754677622656e+13
3.051123330272563281e+13
2.972636989639398438e+13
2.896896276750987109e+13
2.823774000147925391e+13
2.753150594488526562e+13
2.684913542611496484e+13
2.618956851299359766e+13
2.555180574869038672e+13
2.493490381285641016e+13
2.433797156465805469e+13
2.376016642656987500e+13
2.320069107437593750e+13
2.265879040277573828e+13
2.213374873920790625e+13
2.162488728181300391e+13
2.113156174013002344e+13
2.065316015948471484e+13
2.018910091209666797e+13
1.973883083974635156e+13
1.930182353443838672e+13
1.887757774490219141e+13
1.846561589801133203e+13
1.806548272529980469e+13
1.767674398572544531e+13
1.729898527669374219e+13
1.693181092612271680e+13
1.657484295900829883e+13
1.622772013259706250e+13
1.589009703470843555e+13
1.556164324041888672e+13
1.524204252258045117e+13
1.493099211214411523e+13
1.462820200457892578e+13
1.433339430900149219e+13
1.404630263691815039e+13
1.376667152774234375e+13
1.349425590848479883e+13
1.322882058522714844e+13
1.297013976418309570e+13
1.271799660032633594e+13
1.247218277172432227e+13
1.223249807786193359e+13
1.199875006037155273e+13
1.177075364470683008e+13
1.154833080140748242e+13
1.133131022570349023e+13
1.111952703429932812e+13
1.091282247826319336e+13
1.071104367102396484e+13
1.051404333054969727e+13
1.032167953484685938e+13
1.013381548997968750e+13
9.950319309864435547e+12
