2.494618222243136640e+17
6.904683836108986000e+15
3.373047702913771500e+15
2.183850655186125250e+15
1.590357172435853750e+15
1.236138406929282750e+15
1.001590987051819250e+15
8.353269578605416250e+14
7.116365620858646250e+14
6.162429412472966250e+14
5.405893985292998125e+14
4.792391371979954375e+14
4.285743240689900625e+14
3.860955078533658125e+14
3.500213878405920000e+14
3.190488003054629375e+14
2.922028190370487500e+14
2.687398476851920938e+14
2.480830803517119688e+14
2.297783925927683125e+14
2.134635024516662500e+14
1.988459708682638438e+14
1.856872234852284688e+14
1.737907571858711250e+14
1.629933077704229688e+14
1.531581473589824688e+14
1.441699363822911562e+14
1.359307257990099219e+14
1.283568209427955469e+14
1.213762982287227656e+14
1.149270217582928281e+14
1.089550464507182500e+14
1.034133227570947031e+14
9.826063867305685938e+13
9.346074994342164062e+13
8.898166061684943750e+13
8.479502455096267188e+13
8.087564484976787500e+13
7.720105308201917188e+13
7.375115386881596875e+13
7.050792332435137500e+13
6.745515209154425000e+13
6.457822548656589062e+13
6.186393466623079688e+13
5.930031384471863281e+13
5.687649947519896875e+13
5.458260802635767188e+13
5.240962956085351562e+13
5.034933479066053906e+13
4.839419366961278125e+13
4.653730388433191406e+13
4.477232788608385156e+13
4.309343728873080469e+13
4.149526365824790625e+13
3.997285485405157031e+13
3.852163620843502344e+13
3.713737593278220312e+13
3.581615422570766406e+13
3.455433563124898047e+13
3.334854425701623047e+13
3.219564151465575000e+13
3.109270608965117578e+13
3.003701588562248438e+13
2.902603172093838281e+13
2.805738258348684766e+13
2.712885227357131250e+13
2.623836728570854688e+13
2.538398579809808594e+13
2.456388765412688672e+13
2.377636523378848828e+13
2.301981512489332031e+13
2.229273051359736328e+13
2.159369422383270312e+13
2.092137234201298047e+13
2.027450837094627344e+13
1.965191786274412109e+13
1.905248348584398047e+13
1.847515048612900391e+13
1.791892250602337109e+13
1.738285772941659961e+13
1.686606532335411523e+13
1.636770215039779883e+13
1.588696972813012891e+13
1.542311141457340820e+13
1.497540980034357812e+13
1.454318429018866016e+13
1.412578885819739062e+13
1.372260996242930664e+13
1.333306460603088086e+13
1.295659853308230078e+13
1.259268454848079688e+13
1.224082095210940039e+13
1.190053007843613086e+13
1.157135693340100781e+13
1.125286792121477734e+13
1.094464965428550195e+13
1.064630784007666211e+13
1.035746623891243945e+13
1.007776568966096289e+13
9.806863192099982422e+12
9.544431052266746094e+12
9.290156076061894531e+12
9.043738813808050781e+12
8.804892850202894531e+12
8.573344136818638672e+12
8.348830364238831055e+12
8.131100371147089844e+12
7.919913587886623047e+12
7.715039512196966797e+12
7.516257215005555664e+12
7.323354874309315430e+12
7.136129335325696289e+12
6.954385695225205078e+12
6.777936910879357422e+12
6.606603428170207031e+12
6.440212831510535156e+12
6.278599512319264648e+12
6.121604355283883789e+12
5.969074441322923828e+12
5.820862766235869141e+12
5.676827974097085938e+12
5.536834104513856445e+12
5.400750352927880859e+12
5.268450843193858398e+12
5.139814411719619141e+12
5.014724402498888672e+12
4.893068472411401367e+12
4.774738406205250000e+12
4.659629940613932617e+12
4.547642597095189453e+12
4.438679522711154297e+12
4.332647338699409668e+12
4.229455996312380371e+12
4.129018639528763184e+12
4.031251474264732910e+12
3.936073643735472168e+12
3.843407109638526367e+12
3.753176538850276855e+12
3.665309195345086426e+12
3.579734837063950684e+12
3.496385617475406250e+12
3.415195991562661621e+12
3.336102626154016113e+12
3.259044314013534180e+12
3.183961892004004395e+12
3.110798162644128906e+12
3.039497819311197754e+12
2.970007374514165527e+12
2.902275091365561035e+12
2.836250917982515137e+12
2.771886424693155762e+12
2.709134743912599121e+12
2.647950512560067383e+12
2.588289816895623535e+12
2.530110139661505371e+12
2.473370309419182617e+12
2.418030451978981445e+12
2.364051943824607910e+12
2.311397367439938965e+12
2.260030468450332031e+12
2.209916114495168945e+12
2.161020255752685303e+12
2.113309887042120850e+12
2.066753011432066162e+12
2.021318605287447754e+12
1.976976584690988037e+12
1.933697773178176514e+12
1.891453870727826416e+12
1.850217423953123291e+12
1.809961797440790527e+12
1.770661146188552246e+12
1.732290389093472168e+12
1.694825183446068359e+12
1.658241900387227295e+12
1.622517601287019775e+12
1.587630015006453613e+12
1.553557516005034180e+12
1.520279103258748779e+12
1.487774379954751953e+12
1.456023533930576904e+12
1.425007318827203369e+12
1.394707035926717773e+12
1.365104516646633545e+12
1.336182105664212158e+12
1.307922644645348633e+12
1.280309456553699707e+12
1.253326330516859619e+12
1.226957507227390869e+12
1.201187664857524170e+12
1.176001905467264648e+12
1.151385741886540527e+12
1.127325085052871338e+12
1.103806231786841553e+12
1.080815852988427490e+12
1.058340982237967896e+12
1.036369004786256470e+12
1.014887646918351074e+12
9.938849656800612793e+11
9.733493389456496582e+11
9.532694558239798584e+11
9.336343073830328369e+11
9.144331776837634277e+11
8.956556351113510742e+11
8.772915239928129883e+11
8.593309564904412842e+11
8.417643047609150391e+11
8.245821933704056396e+11
8.077754919569039307e+11
7.913353081273592529e+11
7.752529805898299561e+11
7.595200725006137695e+11
7.441283650273450928e+11
7.290698511168942871e+11
7.143367294613665771e+11
6.999213986552000732e+11
6.858164515366209717e+11
6.720146697070032959e+11
6.585090182218986816e+11
6.452926404477757568e+11
6.323588530787076416e+11
6.197011413074965820e+11
6.073131541459133301e+11
5.951886998889445801e+11
5.833217417181254883e+11
5.717063934392353516e+11
5.603369153497937012e+11
5.492077102319819336e+11
5.383133194667668457e+11
5.276484192651638184e+11
5.172078170127347412e+11
5.069864477235469360e+11
4.969793705999685059e+11
4.871817656948027344e+11
4.775889306723943481e+11
4.681962776654642944e+11
4.589993302245426025e+11
4.499937203569829712e+11
4.411751856526570435e+11
4.325395664935215454e+11
4.240828033443614502e+11
4.158009341220902710e+11
4.076900916411105957e+11
3.997465011322950439e+11
3.919664778332566528e+11
3.843464246476425781e+11
3.768828298712798462e+11
3.695722649830629272e+11
3.624113824985595703e+11
3.553969138843636475e+11
3.485256675313151245e+11
3.417945267847478638e+11
3.352004480300086670e+11
3.287404588315319824e+11
3.224116561238349609e+11
3.162112044528295288e+11
3.101363342659215698e+11
3.041843402494053955e+11
2.983525797117213745e+11
2.926384710112369385e+11
2.870394920268834839e+11
2.815531786711849365e+11
2.761771234432916260e+11
2.709089740216689758e+11
2.657464318949125671e+11
2.606872510296197205e+11
2.557292365742118225e+11
2.508702435976519470e+11
2.461081758620236206e+11
2.414409846279803162e+11
2.368666674920974121e+11
2.323832672551992188e+11
2.279888708207573242e+11
2.236816081224850464e+11
2.194596510802838745e+11
2.153212125837238770e+11
2.112645455022613220e+11
2.072879417214316101e+11
2.033897312042662964e+11
1.995682810772199402e+11
1.958219947399052734e+11
1.921493109979613953e+11
1.885487032183980408e+11
1.850186785067844543e+11
1.815577769056637268e+11
1.781645706135981140e+11
1.748376632242656250e+11
1.715756889850493469e+11
1.683773120745745544e+11
1.652412258986671448e+11
1.621661524042221069e+11
1.591508414104874878e+11
1.561940699572823181e+11
1.532946416696835327e+11
1.504513861387281799e+11
1.476631583176941223e+11
1.449288379335327454e+11
1.422473289130404358e+11
1.396175588233706360e+11
1.370384783264934845e+11
1.345090606472302246e+11
