4.987373415082276250e+14
1.369674783191825586e+13
6.651163363910455078e+12
4.283267057531855469e+12
3.103759092592880371e+12
2.401126754641481934e+12
1.936770243788184570e+12
1.608239990181263428e+12
1.364312363227126221e+12
1.176560538085978027e+12
1.027958068318147827e+12
9.076935657938614502e+11
8.085774203210364990e+11
7.256457937857781982e+11
6.553634062865874023e+11
5.951456395268469238e+11
5.430601813436429443e+11
4.976342178232018433e+11
4.577260743840537109e+11
4.224375235570891113e+11
3.910524983133903809e+11
3.629933889504334106e+11
3.377893140814949341e+11
3.150527107150596313e+11
2.944618090472926025e+11
2.757473383376659546e+11
2.586823202630728149e+11
2.430741459045580750e+11
2.287583628608214111e+11
2.155937576917101440e+11
2.034584298819046326e+11
1.922466322052249146e+11
1.818662088655787659e+11
1.722365038384385681e+11
1.632866419847023926e+11
1.549541078801188049e+11
1.471835640630390625e+11
1.399258630716871948e+11
1.331372172989301758e+11
1.267784981120901794e+11
1.208146414276257019e+11
1.152141414158787994e+11
1.099486174959133911e+11
1.049924426125080109e+11
1.003224229200927582e+11
9.591752081707810974e+10
9.175861466027185059e+10
8.782828963979600525e+10
8.411065522100157166e+10
8.059118531572843933e+10
7.725657796424708557e+10
7.409463181831240845e+10
7.109413713618409729e+10
6.824477934904085541e+10
6.553705354830738068e+10
6.296218848570816803e+10
6.051207888094896698e+10
5.817922500271124268e+10
5.595667863267240906e+10
5.383799464467826080e+10
5.181718753326210022e+10
4.988869231627872467e+10
4.804732930916419983e+10
4.628827233409227753e+10
4.460701998252339935e+10
4.299936959639869690e+10
4.146139367514253235e+10
3.998941845049720764e+10
3.858000440212698364e+10
3.722992851356220245e+10
3.593616809125780487e+10
3.469588598977355194e+10
3.350641710376254654e+10
3.236525600293141937e+10
3.127004559971086884e+10
3.021856675130790329e+10
2.920872870828452682e+10
2.823856033115582657e+10
2.730620200452610016e+10
2.640989818568082428e+10
2.554799053086425400e+10
2.471891154752930832e+10
2.392117873127535248e+10
2.315338913188500595e+10
2.241421433450732803e+10
2.170239579859591675e+10
2.101674053803569031e+10
2.035611710995281219e+10
1.971945188764817429e+10
1.910572559473272324e+10
1.851397007961724472e+10
1.794326531137637711e+10
1.739273657968821335e+10
1.686155188306739807e+10
1.634891949097910690e+10
1.585408566665887260e+10
1.537633253858328247e+10
1.491497610955085754e+10
1.446936439325262642e+10
1.403887566904657936e+10
1.362291684640909386e+10
1.322092193122612000e+10
1.283235058671533585e+10
1.245668678234260368e+10
1.209343752461813164e+10
1.174213166413419342e+10
1.140231877364171028e+10
1.107356809236098289e+10
1.075546753208633804e+10
1.044762274097798920e+10
1.014965622124071884e+10
9.861206497169195175e+09
9.581927330297903061e+09
9.311486978630168915e+09
9.049567497138765335e+09
8.795864076930679321e+09
8.550084420653596878e+09
8.311948151891228676e+09
8.081186256397423744e+09
7.857540553550950050e+09
7.640763195409847260e+09
7.430616192555309296e+09
7.226870964945787430e+09
7.029307915743167877e+09
6.837716027379238129e+09
6.651892478289475441e+09
6.471642279161844254e+09
6.296777927577136993e+09
6.127119079990002632e+09
5.962492240066723824e+09
5.802730462458495140e+09
5.647673071146874428e+09
5.497165391552061081e+09
5.351058495645023346e+09
5.209208959351172447e+09
5.071478631577015877e+09
4.937734414231763840e+09
4.807848052653891563e+09
4.681695935887902260e+09
4.559158906289759636e+09
4.440122077970089912e+09
4.324474663613349915e+09
4.212109809237830639e+09
4.102924436486897945e+09
3.996819092065155029e+09
3.893697803955620289e+09
3.793467944074456215e+09
3.696040097039365768e+09
3.601327934745817184e+09
3.509248096462474346e+09
3.419720074173029423e+09
3.332666102906832218e+09
3.248011055814682007e+09
3.165682343759511948e+09
3.085609819204046726e+09
3.007725684189349651e+09
2.931964402209069729e+09
2.858262613794640541e+09
2.786559055636428356e+09
2.716794483075006962e+09
2.648911595805376530e+09
2.582854966645140171e+09
2.518570973225286484e+09
2.456007732468300819e+09
2.395115037305867195e+09
2.335844298492163658e+09
2.278148482437158585e+09
2.221982059907881737e+09
2.167300950526709557e+09
2.114062471951725006e+09
2.062225290650837660e+09
2.011749374608555079e+09
1.962595947880852938e+09
1.914727446919019938e+09
1.868107478577712297e+09
1.822700779754986763e+09
1.778473178567125559e+09
1.735391557013120890e+09
1.693423815057410240e+09
1.652538836072238684e+09
1.612706453582465410e+09
1.573897419258255959e+09
1.536083372103686094e+09
1.499236808791603565e+09
1.463331055097469330e+09
1.428340238386963367e+09
1.394239261114289284e+09
1.361003775289977312e+09
1.328610157878906488e+09
1.297035487090984583e+09
1.266257519528630495e+09
1.236254668156770229e+09
1.207005981062592745e+09
1.178491120973741293e+09
1.150690345505000353e+09
1.123584488104827404e+09
1.097154939674331903e+09
1.071383630832489133e+09
1.046253014802502751e+09
1.021746050895287991e+09
9.978461885671126842e+08
9.745373520293487310e+08
9.518039253892816305e+08
9.296307383017549515e+08
9.080030521123241186e+08
8.869065464733455181e+08
8.663273064152644873e+08
8.462518098560268879e+08
8.266669155323089361e+08
8.075598513368805647e+08
7.889182030470839739e+08
7.707299034300040007e+08
7.529832217105134726e+08
7.356667533889067173e+08
7.187694103953921795e+08
7.022804115693329573e+08
6.861892734507122040e+08
6.704858013745518923e+08
6.551600808547395468e+08
6.402024692489184141e+08
6.256035876936202049e+08
6.113543133001708984e+08
5.974457716021370888e+08
5.838693292454438210e+08
5.706165869126363993e+08
5.576793724730814695e+08
5.450497343512201309e+08
5.327199351052954197e+08
5.206824452092435956e+08
5.089299370307456255e+08
4.974552789986731410e+08
4.862515299534354806e+08
4.753119336739646792e+08
4.646299135753231645e+08
4.541990675711337328e+08
4.440131630952469707e+08
4.340661322772701979e+08
4.243520672667844296e+08
4.148652157012544274e+08
4.055999763128348589e+08
3.965508946694294810e+08
3.877126590455579758e+08
3.790800963813284636e+08
3.706481685870997310e+08
3.624119684046661258e+08
3.543667161297291517e+08
3.465077558833254576e+08
3.388305522137987018e+08
3.313306867641330957e+08
3.240038550387119651e+08
3.168458632662785649e+08
3.098526253560034037e+08
3.030201599436578751e+08
2.963445875250117183e+08
2.898221276736617684e+08
2.834490963406040668e+08
2.772219032329447865e+08
2.711370492692511678e+08
2.651911241091088653e+08
2.593808037545561790e+08
2.537028482211305797e+08
2.481540992763451636e+08
2.427314782434903085e+08
2.374319838687196970e+08
2.322526902494572997e+08
2.271907448222184181e+08
2.222433664080123007e+08
2.174078433135460317e+08
2.126815314865161479e+08
2.080618527233244777e+08
2.035462929276167154e+08
1.991324004180910885e+08
1.948177842840768397e+08
1.906001127874294519e+08
1.864771118093445301e+08
1.824465633407256305e+08
1.785063040148002505e+08
1.746542236807077229e+08
1.708882640168335140e+08
1.672064171826986074e+08
1.636067245082544386e+08
1.600872752194670141e+08
1.566462051991157532e+08
1.532816957817592621e+08
1.499919725818617642e+08
1.467753043540977240e+08
1.436300018848919570e+08
1.405544169142744243e+08
1.375469410871651769e+08
1.346060049332250357e+08
1.317300768744431287e+08
1.289176622596524060e+08
1.261673024251911491e+08
1.234775737809537351e+08
1.208470869210969955e+08
1.182744857586912215e+08
1.157584466836261749e+08
1.132976777431066185e+08
1.108909178440859914e+08
1.085369359770163894e+08
