5.159935491714896250e+14
3.318174944168511875e+14
2.875741751893074375e+14
2.612865239877791875e+14
2.425309828742816875e+14
2.279473608798164062e+14
2.160198012593195625e+14
2.059335800161005312e+14
1.971998894826718750e+14
1.895022521484253750e+14
1.826239455726615625e+14
1.764100208770940938e+14
1.707458384236785000e+14
1.655441865637660000e+14
1.607371679839129375e+14
1.562708812991476562e+14
1.521018162642232500e+14
1.481943400007973750e+14
1.445189004332689062e+14
1.410507145689444688e+14
1.377687925953209375e+14
1.346551996188475469e+14
1.316944888046550156e+14
1.288732602697015938e+14
1.261798136615564062e+14
1.236038715108124688e+14
1.211363567307850000e+14
1.187692119961366094e+14
1.164952519506812500e+14
1.143080412224215938e+14
1.122017931216767344e+14
1.101712848912549531e+14
1.082117863828614219e+14
1.063189996817942656e+14
1.044890077221221719e+14
1.027182303312808281e+14
1.010033864504553906e+14
9.934146151723239062e+13
9.772967918595307812e+13
9.616547671078128125e+13
9.464648343700646875e+13
9.317050193853821875e+13
9.173549142307035938e+13
9.033955308271268750e+13
8.898091712333429688e+13
8.765793124678218750e+13
8.636905039414320312e+13
8.511282758846115625e+13
8.388790573776090625e+13
8.269301028003821875e+13
8.152694256836318750e+13
8.038857390828295312e+13
7.927684017568668750e+13
7.819073692264671875e+13
7.712931499366060938e+13
7.609167647016585938e+13
7.507697103199875000e+13
7.408439261831723438e+13
7.311317638090381250e+13
7.216259589655287500e+13
7.123196061248879688e+13
7.032061350177224219e+13
6.942792890826742188e+13
6.855331068994162500e+13
6.769618975595991406e+13
6.685602364834698438e+13
6.603229371340508594e+13
6.522450429332538281e+13
6.443218126250428125e+13
6.365487078768614844e+13
6.289213817668368750e+13
6.214356680816583594e+13
6.140875713573567188e+13
6.068732576017491406e+13
5.997890456431279688e+13
5.928313990549564062e+13
5.859969186110052344e+13
5.792823352294889062e+13
5.726845033685296875e+13
5.662003948375139844e+13
5.598270929998372656e+13
5.535617873205532812e+13
5.474017682577866406e+13
5.413444224542770312e+13
5.353872282153684375e+13
5.295277512516256250e+13
5.237636406689925000e+13
5.180926251862393750e+13
5.125125095680157812e+13
5.070211712564568750e+13
5.016165571889728125e+13
4.962966807898320312e+13
4.910596191242139844e+13
4.859035102042592188e+13
4.808265504374259375e+13
4.758269922081740625e+13
4.709031415846637500e+13
4.660533561427392969e+13
4.612760429000398438e+13
4.565696563535702344e+13
4.519326966145464062e+13
4.473637076347403125e+13
4.428612755189696875e+13
4.384240269187175781e+13
4.340506275022239062e+13
4.297397805351675781e+13
4.254902252985039844e+13
4.213007361478156250e+13
4.171701208636307031e+13
4.130972196364017969e+13
4.090809038748202344e+13
4.051200751039422656e+13
4.012136639119075781e+13
3.973606289426832031e+13
3.935599559324243750e+13
3.898106567871850781e+13
3.861117686998579688e+13
3.824623533043360938e+13
3.788614958650229688e+13
3.753083044999130469e+13
3.718019094355801562e+13
3.683414622925000781e+13
3.649261353992248438e+13
3.615551211340137500e+13
3.582276312926017188e+13
3.549428964808576562e+13
3.517001655311602734e+13
3.484987049413773438e+13
3.453377983353988672e+13
3.422167459442298438e+13
3.391348641067008203e+13
3.360914847889093359e+13
3.330859551215419141e+13
3.301176369542864062e+13
3.271859064265692969e+13
3.242901535539016406e+13
3.214297818291548438e+13
3.186042078381155469e+13
3.158128608887060156e+13
3.130551826532890234e+13
3.103306268234976172e+13
3.076386587770684766e+13
3.049787552561733203e+13
3.023504040567725391e+13
2.997531037285380469e+13
2.971863632849128516e+13
2.946497019228948047e+13
2.921426487521549609e+13
2.896647425331135547e+13
2.872155314236213672e+13
2.847945727339024609e+13
2.824014326894398828e+13
2.800356862014885547e+13
2.776969166449263672e+13
2.753847156431571484e+13
2.730986828597992578e+13
2.708384257969011328e+13
2.686035595994383594e+13
2.663937068658568750e+13
2.642084974635188672e+13
2.620475683545117969e+13
2.599105634170207812e+13
2.577971332820766406e+13
2.557069351700627734e+13
2.536396327331434766e+13
2.515948959023538281e+13
2.495724007392264453e+13
2.475718292914735547e+13
2.455928694535973438e+13
2.436352148306069922e+13
2.416985646062015625e+13
2.397826234145824609e+13
2.378871012159026172e+13
2.360117131752268750e+13
2.341561795448857031e+13
2.323202255501077734e+13
2.305035812778213672e+13
2.287059815685194141e+13
2.269271659110876953e+13
2.251668783404967969e+13
2.234248673382660156e+13
2.217008857356086328e+13
2.199946906191714062e+13
2.183060432392849219e+13
2.166347089206460547e+13
2.149804569753526172e+13
2.133430606182180078e+13
2.117222968842941797e+13
2.101179465485314062e+13
2.085297940475125000e+13
2.069576274031932422e+13
2.054012381485900000e+13
2.038604212553545703e+13
2.023349750631776562e+13
2.008247012109662891e+13
1.993294045697431641e+13
1.978488931772139453e+13
1.963829781739544141e+13
1.949314737411691016e+13
1.934941970399749219e+13
1.920709681521658203e+13
1.906616100224132031e+13
1.892659484018639453e+13
1.878838117930914453e+13
1.865150313963648047e+13
1.851594410571951172e+13
1.838168772151254688e+13
1.824871788537264453e+13
1.811701874517661328e+13
1.798657469736033203e+13
1.785737036321864062e+13
1.772939062243877734e+13
1.760262057057085156e+13
1.747704553372602734e+13
1.735265106052359375e+13
1.722942291794265430e+13
1.710734708726782422e+13
1.698640976012607031e+13
1.686659733461247461e+13
1.674789641150231445e+13
1.663029379054214844e+13
1.651377646684909570e+13
1.639833162733752734e+13
1.628394664727541211e+13
1.617060908689052148e+13
1.605830668805547656e+13
1.594702737104447461e+13
1.583675923136004492e+13
1.572749053662782812e+13
1.561920972355781445e+13
1.551190539497025586e+13
1.540556631688467188e+13
1.530018141567026562e+13
1.519573977525634570e+13
1.509223063440113086e+13
1.498964338401755859e+13
1.488796756455464648e+13
1.478719286343307617e+13
1.468730911253360938e+13
1.458830628573713086e+13
1.449017449651492578e+13
1.439290399556814648e+13
1.429648516851511523e+13
1.420090853362545703e+13
1.410616473959979492e+13
1.401224456339404102e+13
1.391913890808716602e+13
1.382683880079146875e+13
1.373533539060420312e+13
1.364461994659982227e+13
1.355468385586166016e+13
1.346551862155230859e+13
1.337711586102163867e+13
1.328946730395177148e+13
1.320256479053793750e+13
1.311640026970465430e+13
1.303096579735611914e+13
1.294625353466033008e+13
1.286225574636598047e+13
1.277896479915141016e+13
1.269637316000501367e+13
1.261447339463622070e+13
1.253325816591652930e+13
1.245272023234979492e+13
1.237285244657123828e+13
1.229364775387443750e+13
1.221509919076576953e+13
1.213719988354563867e+13
1.205994304691597656e+13
1.198332198261333594e+13
1.190733007806713086e+13
1.183196080508245703e+13
1.175720771854687305e+13
1.168306445516075977e+13
1.160952473219069922e+13
1.153658234624526367e+13
1.146423117207305273e+13
1.139246516138210352e+13
1.132127834168054297e+13
1.125066481513791016e+13
1.118061875746670703e+13
1.111113441682374414e+13
1.104220611273097266e+13
1.097382823501527344e+13
1.090599524276689648e+13
1.083870166331610156e+13
1.077194209122769727e+13
1.070571118731304883e+13
1.064000367765926367e+13
1.057481435267513086e+13
1.051013806615351562e+13
1.044596973434991797e+13
1.038230433507678906e+13
1.031913690681333008e+13
1.025646254783047656e+13
1.019427641533075195e+13
1.013257372460267969e+13
1.007134974818951172e+13
1.001059981507191406e+13
9.950319309864435547e+12
