# Wavelength(nm)	Intensity(Rayleigh)	v'	v''	Substate	J'	J''
1446.9110	1.0740e+03	2	0	2	0.5	1.5
1434.2005	5.2943e+02	2	0	2	0.5	0.5
1451.8961	3.4114e+03	2	0	1	1.5	2.5
1434.4442	4.5906e+03	2	0	1	1.5	1.5
1456.3982	1.3298e+03	2	0	2	1.5	2.5
1435.2272	1.5789e+02	2	0	2	1.5	1.5
1422.7202	6.5359e+02	2	0	2	1.5	0.5
1460.4833	3.5570e+03	2	0	1	2.5	3.5
1435.6720	1.5978e+03	2	0	1	2.5	2.5
1418.6057	1.7166e+03	2	0	1	2.5	1.5
1466.5069	1.0004e+03	2	0	2	2.5	3.5
1436.9082	5.9765e+01	2	0	2	2.5	2.5
1416.2960	5.8348e+02	2	0	2	2.5	1.5
1469.8437	2.3083e+03	2	0	1	3.5	4.5
1437.4413	5.0696e+02	2	0	1	3.5	3.5
1413.4002	1.3468e+03	2	0	1	3.5	2.5
1477.2383	5.2517e+02	2	0	2	3.5	4.5
1439.2188	2.0065e+01	2	0	2	3.5	3.5
1410.7007	3.1806e+02	2	0	2	3.5	2.5
1479.9832	1.0774e+03	2	0	1	4.5	5.5
1439.7754	1.3703e+02	2	0	1	4.5	4.5
1408.6711	6.5458e+02	2	0	1	4.5	3.5
1488.6166	2.0170e+02	2	0	2	4.5	5.5
1442.1431	5.5065e+00	2	0	2	4.5	4.5
1405.8865	1.2157e+02	2	0	2	4.5	3.5
1490.9027	3.7734e+02	2	0	1	5.5	6.5
1442.6904	3.0739e+01	2	0	1	5.5	5.5
1404.4573	2.2820e+02	2	0	1	5.5	4.5
1500.6737	5.8062e+01	2	0	2	5.5	6.5
1445.6748	1.2132e+00	2	0	2	5.5	5.5
1401.8044	3.4158e+01	2	0	2	5.5	4.5
1502.6056	1.0097e+02	2	0	1	6.5	7.5
1446.1980	5.6524e+00	2	0	1	6.5	6.5
1400.7897	5.9568e+01	2	0	1	6.5	5.5
1513.4428	1.2715e+01	2	0	2	6.5	7.5
1449.8141	2.1033e-01	2	0	2	6.5	6.5
1398.4161	7.2218e+00	2	0	2	6.5	5.5
1515.0994	2.0855e+01	2	0	1	7.5	8.5
1450.3079	8.4216e-01	2	0	1	7.5	7.5
1397.6898	1.1871e+01	2	0	1	7.5	6.5
1526.9560	2.1409e+00	2	0	2	7.5	8.5
1454.5655	2.8709e-02	2	0	2	7.5	7.5
1395.6948	1.1655e+00	2	0	2	7.5	6.5
1528.3964	3.3485e+00	2	0	1	8.5	9.5
1455.0292	1.0149e-01	2	0	1	8.5	8.5
1395.1720	1.8265e+00	2	0	1	8.5	7.5
1541.2445	2.7938e-01	2	0	2	8.5	9.5
1459.9365	3.1420e-03	2	0	2	8.5	8.5
1393.6230	1.4507e-01	2	0	2	8.5	7.5
1542.5129	4.1986e-01	2	0	1	9.5	10.5
1460.3715	9.8853e-03	2	0	1	9.5	9.5
1393.2463	2.1815e-01	2	0	1	9.5	8.5
1556.3389	2.8424e-02	2	0	2	9.5	10.5
1465.9366	2.6921e-04	2	0	2	9.5	9.5
1392.1901	1.4011e-02	2	0	2	9.5	8.5
1557.4689	4.1377e-02	2	0	1	10.5	11.5
1466.3451	7.7128e-04	2	0	1	10.5	10.5
1391.9198	2.0416e-02	2	0	1	10.5	9.5
1572.2707	2.2715e-03	2	0	2	10.5	11.5
1472.5772	1.8302e-05	2	0	2	10.5	10.5
1391.3900	1.0600e-03	2	0	2	10.5	9.5
1573.2878	3.2167e-03	2	0	1	11.5	12.5
1472.9617	4.8914e-05	2	0	1	11.5	11.5
1391.1986	1.5022e-03	2	0	1	11.5	10.5
1589.0719	1.4325e-04	2	0	2	11.5	12.5
1479.8710	1.0032e-06	2	0	2	11.5	11.5
1391.2204	6.3108e-05	2	0	2	11.5	10.5
1589.9960	1.9814e-04	2	0	1	12.5	13.5
1480.2339	2.4804e-06	2	0	1	12.5	12.5
1391.0884	8.7344e-05	2	0	1	12.5	11.5
1606.7764	7.1670e-06	2	0	2	12.5	13.5
1487.8324	4.3566e-08	2	0	2	12.5	12.5
1391.6817	2.9720e-06	2	0	2	12.5	11.5
1607.6230	9.7151e-06	2	0	1	13.5	14.5
1488.1760	1.0247e-07	2	0	1	13.5	13.5
1391.5947	4.0297e-06	2	0	1	13.5	12.5
1625.4199	2.8589e-07	2	0	2	13.5	14.5
1496.4773	1.5409e-09	2	0	2	13.5	13.5
1392.7760	1.1129e-07	2	0	2	13.5	12.5
1626.2015	3.8080e-07	2	0	1	14.5	15.5
1496.8036	3.4060e-09	2	0	1	14.5	14.5
1392.7237	1.4822e-07	2	0	1	14.5	13.5
1645.0407	9.1409e-09	2	0	2	14.5	15.5
1505.8231	4.4072e-11	2	0	2	14.5	14.5
1394.5076	3.3304e-09	2	0	2	14.5	13.5
1506.1338	9.2274e-11	2	0	1	15.5	15.5
1394.4823	4.3672e-09	2	0	1	15.5	14.5
1515.8887	1.0033e-12	2	0	2	15.5	15.5
1396.8822	8.0036e-11	2	0	2	15.5	14.5
1518.7140	1.7526e+03	3	1	2	0.5	1.5
1505.2865	8.6259e+02	3	1	2	0.5	0.5
1524.0954	5.5787e+03	3	1	1	1.5	2.5
1505.5549	7.5280e+03	3	1	1	1.5	1.5
1528.7789	2.2066e+03	3	1	2	1.5	2.5
1506.3998	2.6004e+02	3	1	2	1.5	1.5
1493.1883	1.0857e+03	3	1	2	1.5	0.5
1533.2402	5.9394e+03	3	1	1	2.5	3.5
1506.8968	2.6820e+03	3	1	1	2.5	2.5
1488.7699	2.8657e+03	3	1	1	2.5	1.5
1539.5334	1.7068e+03	3	1	2	2.5	3.5
1508.2255	1.0060e+02	3	1	2	2.5	2.5
1486.4398	9.9659e+02	3	1	2	2.5	1.5
1543.2157	3.9712e+03	3	1	1	3.5	4.5
1508.8276	8.7839e+02	3	1	1	3.5	3.5
1483.3094	2.3171e+03	3	1	1	3.5	2.5
1550.9769	9.3115e+02	3	1	2	3.5	4.5
1510.7382	3.4984e+01	3	1	2	3.5	3.5
1480.5790	5.6448e+02	3	1	2	3.5	2.5
1554.0328	1.9282e+03	3	1	1	4.5	5.5
1511.3725	2.4726e+02	3	1	1	4.5	4.5
1478.3737	1.1714e+03	3	1	1	4.5	3.5
1563.1324	3.7551e+02	3	1	2	4.5	5.5
1513.9216	1.0084e+01	3	1	2	4.5	4.5
1475.5589	2.2651e+02	3	1	2	4.5	3.5
1565.6963	7.0918e+02	3	1	1	5.5	6.5
1514.5498	5.8299e+01	3	1	1	5.5	5.5
1474.0014	4.2876e+02	3	1	1	5.5	4.5
1576.0329	1.1465e+02	3	1	2	5.5	6.5
1517.7691	2.3475e+00	3	1	2	5.5	5.5
1471.3307	6.7471e+01	3	1	2	5.5	4.5
1578.2127	2.0122e+02	3	1	1	6.5	7.5
1518.3731	1.1352e+01	3	1	1	6.5	6.5
1470.2241	1.1865e+02	3	1	1	6.5	5.5
1589.7135	2.6895e+01	3	1	2	6.5	7.5
1522.2811	4.3620e-01	3	1	2	6.5	6.5
1467.8552	1.5271e+01	3	1	2	6.5	5.5
1591.5922	4.4505e+01	3	1	1	7.5	8.5
1522.8539	1.8129e+00	3	1	1	7.5	7.5
1467.0645	2.5307e+01	3	1	1	7.5	6.5
1604.2096	4.8985e+00	3	1	2	7.5	8.5
1527.4633	6.4684e-02	3	1	2	7.5	7.5
1465.1050	2.6640e+00	3	1	2	7.5	6.5
1605.8502	7.7251e+00	3	1	1	8.5	9.5
1528.0031	2.3605e-01	3	1	1	8.5	8.5
1464.5382	4.2059e+00	3	1	1	8.5	7.5
1619.5559	6.9815e-01	3	1	2	8.5	9.5
1533.3243	7.6587e-03	3	1	2	8.5	8.5
1463.0620	3.6173e-01	3	1	2	8.5	7.5
1621.0062	1.0585e+00	3	1	1	9.5	10.5
1533.8323	2.5055e-02	3	1	1	9.5	9.5
1462.6563	5.4893e-01	3	1	1	9.5	8.5
1635.7875	7.8416e-02	3	1	2	9.5	10.5
1539.8755	7.2857e-04	3	1	2	9.5	9.5
1461.7154	3.8548e-02	3	1	2	9.5	8.5
1637.0838	1.1498e-01	3	1	1	10.5	11.5
1540.3538	2.1590e-03	3	1	1	10.5	10.5
1461.4275	5.6547e-02	3	1	1	10.5	9.5
1652.9400	6.9769e-03	3	1	2	10.5	11.5
1547.1303	5.5282e-05	3	1	2	10.5	10.5
1461.0597	3.2416e-03	3	1	2	10.5	9.5
1654.1105	9.9472e-03	3	1	1	11.5	12.5
1547.5816	1.5152e-04	3	1	1	11.5	11.5
1460.8591	4.6223e-03	3	1	1	11.5	10.5
1671.0508	4.9454e-04	3	1	2	11.5	12.5
1555.1040	3.3904e-06	3	1	2	11.5	11.5
1461.0930	2.1640e-04	3	1	2	11.5	10.5
1672.1175	6.8842e-04	3	1	1	12.5	13.5
1555.5309	8.6690e-06	3	1	1	12.5	12.5
1460.9582	3.0122e-04	3	1	1	12.5	11.5
1690.1592	2.8073e-05	3	1	2	12.5	13.5
1563.8137	1.6847e-07	3	1	2	12.5	12.5
1461.8166	1.1529e-05	3	1	2	12.5	11.5
1691.1394	3.8281e-05	3	1	1	13.5	14.5
1564.2188	4.0393e-07	3	1	1	13.5	13.5
1461.7319	1.5717e-05	3	1	1	13.5	12.5
1710.3070	1.2827e-06	3	1	2	13.5	14.5
1573.2783	6.7682e-09	3	1	2	13.5	13.5
1463.2342	4.9262e-07	3	1	2	13.5	12.5
1711.2148	1.7181e-06	3	1	1	14.5	15.5
1573.6642	1.5352e-08	3	1	1	14.5	14.5
1463.1883	6.5959e-07	3	1	1	14.5	13.5
1731.5393	4.7411e-08	3	1	2	14.5	15.5
1583.5189	2.2184e-10	3	1	2	14.5	14.5
1465.3517	1.6968e-08	3	1	2	14.5	13.5
1583.8878	4.8104e-10	3	1	1	15.5	15.5
1465.3361	2.2362e-08	3	1	1	15.5	14.5
1594.5583	5.9931e-12	3	1	2	15.5	15.5
1468.1765	4.7335e-10	3	1	2	15.5	14.5
1597.2597	1.8770e+03	4	2	2	0.5	1.5
1583.0335	9.2083e+02	4	2	2	0.5	0.5
1603.0832	5.9908e+03	4	2	1	1.5	2.5
1583.3273	8.0872e+03	4	2	1	1.5	1.5
1607.9753	2.4057e+03	4	2	2	1.5	2.5
1584.2503	2.8071e+02	4	2	2	1.5	1.5
1570.2539	1.1792e+03	4	2	2	1.5	0.5
1612.8609	6.5203e+03	4	2	1	2.5	3.5
1584.8061	2.9500e+03	4	2	1	2.5	2.5
1565.4954	3.1270e+03	4	2	1	2.5	1.5
1619.4615	1.9156e+03	4	2	2	2.5	3.5
1586.2489	1.1107e+02	4	2	2	2.5	2.5
1563.1561	1.1120e+03	4	2	2	2.5	1.5
1623.5376	4.4976e+03	4	2	1	3.5	4.5
1586.9307	9.9788e+02	4	2	1	3.5	3.5
1559.7632	2.6034e+03	4	2	1	3.5	2.5
1631.7162	1.0874e+03	4	2	2	3.5	4.5
1589.0034	3.9979e+01	4	2	2	3.5	3.5
1557.0160	6.5389e+02	4	2	2	3.5	2.5
1635.1302	2.2744e+03	4	2	1	4.5	5.5
1589.7288	2.9277e+02	4	2	1	4.5	4.5
1554.6141	1.3680e+03	4	2	1	4.5	3.5
1644.7617	4.6109e+02	4	2	2	4.5	5.5
1592.4971	1.2088e+01	4	2	2	4.5	4.5
1551.7873	2.7523e+02	4	2	2	4.5	3.5
1647.6484	8.7969e+02	4	2	1	5.5	6.5
1593.2211	7.2556e+01	4	2	1	5.5	5.5
1550.0864	5.2545e+02	4	2	1	5.5	4.5
1658.6323	1.4953e+02	4	2	2	5.5	6.5
1596.7232	2.9835e+00	4	2	2	5.5	5.5
1547.4212	8.6870e+01	4	2	2	5.5	4.5
1661.1023	2.6617e+02	4	2	1	6.5	7.5
1597.4237	1.4996e+01	4	2	1	6.5	6.5
1546.2125	1.5407e+02	4	2	1	6.5	5.5
1673.3659	3.7633e+01	4	2	2	6.5	7.5
1601.6829	5.9419e-01	4	2	2	6.5	6.5
1543.8781	2.1042e+01	4	2	2	6.5	5.5
1675.5065	6.2863e+01	4	2	1	7.5	8.5
1602.3505	2.5653e+00	4	2	1	7.5	7.5
1543.0163	3.5158e+01	4	2	1	7.5	6.5
1689.0018	7.4260e+00	4	2	2	7.5	8.5
1607.3830	9.5605e-02	4	2	2	7.5	7.5
1541.1297	3.9665e+00	4	2	2	7.5	6.5
1690.8800	1.1817e+01	4	2	1	8.5	9.5
1608.0149	3.6140e-01	4	2	1	8.5	8.5
1540.5151	6.3119e+00	4	2	1	8.5	7.5
1705.5795	1.1580e+00	4	2	2	8.5	9.5
1613.8341	1.2388e-02	4	2	2	8.5	8.5
1539.1577	5.8772e-01	4	2	2	8.5	7.5
1707.2467	1.7711e+00	4	2	1	9.5	10.5
1614.4309	4.1899e-02	4	2	1	9.5	9.5
1538.7217	8.9976e-01	4	2	1	9.5	8.5
1723.1394	1.4371e-01	4	2	2	9.5	10.5
1621.0500	1.2991e-03	4	2	2	9.5	9.5
1537.9516	6.9070e-02	4	2	2	9.5	8.5
1724.6353	2.1238e-01	4	2	1	10.5	11.5
1621.6138	3.9844e-03	4	2	1	10.5	10.5
1537.6465	1.0204e-01	4	2	1	10.5	9.5
1741.7231	1.4260e-02	4	2	2	10.5	11.5
1629.0470	1.1013e-04	4	2	2	10.5	10.5
1537.5063	6.4571e-03	4	2	2	10.5	9.5
1743.0788	2.0483e-02	4	2	1	11.5	12.5
1629.5806	3.1089e-04	4	2	1	11.5	11.5
1537.2985	9.2698e-03	4	2	1	11.5	10.5
1761.3749	1.1382e-03	4	2	2	11.5	12.5
1637.8437	7.6127e-06	4	2	2	11.5	11.5
1537.8212	4.8376e-04	4	2	2	11.5	10.5
1762.6144	1.5955e-03	4	2	1	12.5	13.5
1638.3500	1.9970e-05	4	2	1	12.5	12.5
1537.6868	6.7766e-04	4	2	1	12.5	11.5
1782.1414	7.3454e-05	4	2	2	12.5	13.5
1647.4612	4.2919e-07	4	2	2	12.5	12.5
1538.8993	2.9193e-05	4	2	2	12.5	11.5
1783.2842	1.0083e-04	4	2	1	13.5	14.5
1647.9431	1.0572e-06	4	2	1	13.5	13.5
1538.8209	4.0036e-05	4	2	1	13.5	12.5
1804.0728	3.8520e-06	4	2	2	13.5	14.5
1657.9229	1.9796e-08	4	2	2	13.5	13.5
1540.7461	1.4259e-06	4	2	2	13.5	12.5
1805.1347	5.1917e-06	4	2	1	14.5	15.5
1658.3831	4.6181e-08	4	2	1	14.5	14.5
1540.7111	1.9199e-06	4	2	1	14.5	13.5
1827.2233	1.6497e-07	4	2	2	14.5	15.5
1669.2544	7.5087e-10	4	2	2	14.5	14.5
1543.3698	5.6641e-08	4	2	2	14.5	13.5
1669.6957	1.6690e-09	4	2	1	15.5	15.5
1543.3689	7.5044e-08	4	2	1	15.5	14.5
1681.4845	2.3649e-11	4	2	2	15.5	15.5
1546.7810	1.8384e-09	4	2	2	15.5	14.5
1684.0481	1.6995e+03	5	3	2	0.5	1.5
1668.9202	8.3086e+02	5	3	2	0.5	0.5
1690.3679	5.4394e+03	5	3	1	1.5	2.5
1669.2380	7.3414e+03	5	3	1	1.5	1.5
1695.5079	2.2175e+03	5	3	2	1.5	2.5
1670.2638	2.5609e+02	5	3	2	1.5	1.5
1655.3815	1.0819e+03	5	3	2	1.5	0.5
1700.8757	6.0524e+03	5	3	1	2.5	3.5
1670.8851	2.7415e+03	5	3	1	2.5	2.5
1650.2365	2.8813e+03	5	3	1	2.5	1.5
1707.8369	1.8174e+03	5	3	2	2.5	3.5
1672.4740	1.0357e+02	5	3	2	2.5	2.5
1647.9062	1.0472e+03	5	3	2	2.5	1.5
1712.3659	4.3069e+03	5	3	1	3.5	4.5
1673.2480	9.5757e+02	5	3	1	3.5	3.5
1644.2155	2.4685e+03	5	3	1	3.5	2.5
1721.0319	1.0732e+03	5	3	2	3.5	4.5
1675.5246	3.8586e+01	5	3	2	3.5	3.5
1641.4738	6.3871e+02	5	3	2	3.5	2.5
1724.8623	2.2679e+03	5	3	1	4.5	5.5
1676.3572	2.9260e+02	5	3	1	4.5	4.5
1638.8492	1.3471e+03	5	3	1	4.5	3.5
1735.1152	4.7826e+02	5	3	2	4.5	5.5
1679.3985	1.2216e+01	5	3	2	4.5	4.5
1636.0385	2.8170e+02	5	3	2	4.5	3.5
1738.3806	9.2212e+02	5	3	1	5.5	6.5
1680.2367	7.6221e+01	5	3	1	5.5	5.5
1634.1755	5.4244e+02	5	3	1	5.5	4.5
1750.1228	1.6466e+02	5	3	2	5.5	6.5
1684.0891	3.1923e+00	5	3	2	5.5	5.5
1631.5516	9.4085e+01	5	3	2	5.5	4.5
1752.9364	2.9492e+02	5	3	1	6.5	7.5
1684.9058	1.6710e+01	5	3	1	6.5	6.5
1630.2278	1.6831e+02	5	3	1	6.5	5.5
1766.0964	4.4433e+01	5	3	2	6.5	7.5
1689.5985	6.8177e-01	5	3	2	6.5	6.5
1627.9727	2.4350e+01	5	3	2	6.5	5.5
1768.5493	7.4962e+01	5	3	1	7.5	8.5
1690.3814	3.0588e+00	5	3	1	7.5	7.5
1627.0318	4.1029e+01	5	3	1	7.5	6.5
1783.0804	9.4934e+00	5	3	2	7.5	8.5
1695.9356	1.1847e-01	5	3	2	7.5	7.5
1625.2734	4.9514e+00	5	3	2	7.5	6.5
1785.2441	1.5249e+01	5	3	1	8.5	9.5
1696.6804	4.6584e-01	5	3	1	8.5	8.5
1624.6070	7.9432e+00	5	3	1	8.5	7.5
1801.1207	1.6186e+00	5	3	2	8.5	9.5
1703.1138	1.6788e-02	5	3	2	8.5	8.5
1623.4356	7.9885e-01	5	3	2	8.5	7.5
1803.0507	2.4959e+00	5	3	1	9.5	10.5
1703.8205	5.8847e-02	5	3	1	9.5	9.5
1622.9683	1.2298e+00	5	3	1	9.5	8.5
1820.2652	2.2166e-01	5	3	2	9.5	10.5
1711.1506	1.9378e-03	5	3	2	9.5	9.5
1622.4494	1.0300e-01	5	3	2	9.5	8.5
1822.0049	3.3036e-01	5	3	1	10.5	11.5
1711.8212	6.1649e-03	5	3	1	10.5	10.5
1622.1287	1.5328e-01	5	3	1	10.5	9.5
1840.5644	2.4527e-02	5	3	2	10.5	11.5
1720.0668	1.8332e-04	5	3	2	10.5	10.5
1622.3116	1.0685e-02	5	3	2	10.5	9.5
1842.1477	3.5512e-02	5	3	1	11.5	12.5
1720.7041	5.3552e-04	5	3	1	11.5	11.5
1622.1003	1.5446e-02	5	3	1	11.5	10.5
1862.0721	2.2043e-03	5	3	2	11.5	12.5
1729.8864	1.4237e-05	5	3	2	11.5	11.5
1623.0240	8.9638e-04	5	3	2	11.5	10.5
1863.5260	3.1132e-03	5	3	1	12.5	13.5
1730.4936	3.8595e-05	5	3	1	12.5	12.5
1622.8955	1.2639e-03	5	3	1	12.5	11.5
1884.8464	1.6172e-04	5	3	2	12.5	13.5
1740.6367	9.1322e-07	5	3	2	12.5	12.5
1624.5926	6.1119e-05	5	3	2	12.5	11.5
1886.1924	2.2356e-04	5	3	1	13.5	14.5
1741.2172	2.3144e-06	5	3	1	13.5	13.5
1624.5277	8.4339e-05	5	3	1	13.5	12.5
1908.9503	9.7342e-06	5	3	2	13.5	14.5
1752.3486	4.8299e-08	5	3	2	13.5	13.5
1627.0271	3.4028e-06	5	3	2	13.5	12.5
1910.2060	1.3208e-05	5	3	1	14.5	15.5
1752.9054	1.1583e-07	5	3	1	14.5	14.5
1627.0117	4.6085e-06	5	3	1	14.5	13.5
1934.4530	4.8312e-07	5	3	2	14.5	15.5
1765.0566	2.1257e-09	5	3	2	14.5	14.5
1630.3408	1.5541e-07	5	3	2	14.5	13.5
1765.5925	4.8332e-09	5	3	1	15.5	15.5
1630.3644	2.0705e-07	5	3	1	15.5	14.5
1778.7990	7.7818e-11	5	3	2	15.5	15.5
1634.5501	5.8486e-09	5	3	2	15.5	14.5
1781.1475	1.3725e+03	6	4	2	0.5	1.5
1764.9854	6.6768e+02	6	4	2	0.5	0.5
1788.0299	4.4061e+03	6	4	1	1.5	2.5
1765.3222	5.9335e+03	6	4	1	1.5	1.5
1793.4744	1.8245e+03	6	4	2	1.5	2.5
1766.4881	2.0803e+02	6	4	2	1.5	1.5
1750.5897	8.8253e+02	6	4	2	1.5	0.5
1799.3962	5.0162e+03	6	4	1	2.5	3.5
1767.1812	2.2684e+03	6	4	1	2.5	2.5
1744.9966	2.3586e+03	6	4	1	2.5	1.5
1806.7935	1.5401e+03	6	4	2	2.5	3.5
1768.9636	8.5962e+01	6	4	2	2.5	2.5
1742.7045	8.7581e+02	6	4	2	2.5	1.5
1811.8494	3.6853e+03	6	4	1	3.5	4.5
1769.8443	8.1828e+02	6	4	1	3.5	3.5
1738.6695	2.0773e+03	6	4	1	3.5	2.5
1821.1014	9.4670e+02	6	4	2	3.5	4.5
1772.3860	3.3123e+01	6	4	2	3.5	3.5
1735.9687	5.5339e+02	6	4	2	3.5	2.5
1825.4214	2.0223e+03	6	4	1	4.5	5.5
1773.3455	2.6052e+02	6	4	1	4.5	4.5
1733.0869	1.1761e+03	6	4	1	4.5	3.5
1836.4213	4.4374e+02	6	4	2	4.5	5.5
1776.7381	1.0979e+01	6	4	2	4.5	4.5
1730.3370	2.5539e+02	6	4	2	4.5	3.5
1840.1359	8.6507e+02	6	4	1	5.5	6.5
1777.7131	7.1335e+01	6	4	1	5.5	5.5
1728.2868	4.9588e+02	6	4	1	5.5	4.5
1852.7923	1.6231e+02	6	4	2	5.5	6.5
1782.0140	3.0405e+00	6	4	2	5.5	5.5
1725.7606	9.0135e+01	6	4	2	5.5	4.5
1856.0159	2.9389e+02	6	4	1	6.5	7.5
1782.9704	1.6583e+01	6	4	1	6.5	6.5
1724.3039	1.6261e+02	6	4	1	6.5	5.5
1870.2612	4.6998e+01	6	4	2	6.5	7.5
1788.2177	6.9498e-01	6	4	2	6.5	6.5
1722.1992	2.4886e+01	6	4	2	6.5	5.5
1873.0883	8.0122e+01	6	4	1	7.5	8.5
1789.1391	3.2506e+00	6	4	1	7.5	7.5
1721.1665	4.2282e+01	6	4	1	7.5	6.5
1888.8798	1.0881e+01	6	4	2	7.5	8.5
1795.3611	1.3077e-01	6	4	2	7.5	7.5
1719.6243	5.4494e+00	6	4	2	7.5	6.5
1891.3855	1.7653e+01	6	4	1	8.5	9.5
1796.2408	5.3502e-01	6	4	1	8.5	8.5
1718.8965	8.8123e+00	6	4	1	8.5	7.5
1908.7028	2.0302e+00	6	4	2	8.5	9.5
1803.4618	2.0223e-02	6	4	2	8.5	8.5
1718.0186	9.5555e-01	6	4	2	8.5	7.5
1910.9467	3.1640e+00	6	4	1	9.5	10.5
1804.2984	7.3853e-02	6	4	1	9.5	9.5
1717.5127	1.4859e+00	6	4	1	9.5	8.5
1929.7887	3.0757e-01	6	4	2	9.5	10.5
1812.5426	2.5839e-03	6	4	2	9.5	9.5
1717.3741	1.3543e-01	6	4	2	9.5	8.5
1931.8175	4.6243e-01	6	4	1	10.5	11.5
1813.3374	8.5201e-03	6	4	1	10.5	10.5
1717.0313	2.0299e-01	6	4	1	10.5	9.5
1952.2000	3.7967e-02	6	4	2	10.5	11.5
1822.6310	2.7217e-04	6	4	2	10.5	10.5
1717.6903	1.5543e-02	6	4	2	10.5	9.5
1954.0508	5.5422e-02	6	4	1	11.5	12.5
1823.3865	8.2299e-04	6	4	1	11.5	11.5
1717.4689	2.2618e-02	6	4	1	11.5	10.5
1976.0044	3.8436e-03	6	4	2	11.5	12.5
1833.7588	2.3784e-05	6	4	2	11.5	11.5
1718.9728	1.4550e-03	6	4	2	11.5	10.5
1977.7066	5.4704e-03	6	4	1	12.5	13.5
1834.4780	6.6643e-05	6	4	1	12.5	12.5
1718.8426	2.0642e-03	6	4	1	12.5	11.5
2001.2762	3.2075e-04	6	4	2	12.5	13.5
1845.9624	1.7278e-06	6	4	2	12.5	12.5
1721.2324	1.1163e-04	6	4	2	12.5	11.5
2002.8533	4.4662e-04	6	4	1	13.5	14.5
1846.6485	4.5296e-06	6	4	1	13.5	13.5
1721.1716	1.5492e-04	6	4	1	13.5	12.5
2028.0967	2.2175e-05	6	4	2	13.5	14.5
1859.2834	1.0484e-07	6	4	2	13.5	13.5
1724.4850	7.0501e-06	6	4	2	13.5	12.5
2029.5679	3.0293e-05	6	4	1	14.5	15.5
1859.9393	2.5890e-07	6	4	1	14.5	14.5
1724.4774	9.5984e-06	6	4	1	14.5	13.5
2056.5563	1.2764e-06	6	4	2	14.5	15.5
1873.7685	5.3436e-09	6	4	2	14.5	14.5
1728.7509	3.6808e-07	6	4	2	14.5	13.5
1874.3970	1.2495e-08	6	4	1	15.5	15.5
1728.7844	4.9272e-07	6	4	1	15.5	14.5
1889.4707	2.2914e-10	6	4	2	15.5	15.5
1734.0554	1.5949e-08	6	4	2	15.5	14.5
1891.4833	1.0100e+03	7	5	2	0.5	1.5
1874.1117	4.8801e+02	7	5	2	0.5	0.5
1899.0081	3.2531e+03	7	5	1	1.5	2.5
1874.4539	4.3593e+03	7	5	1	1.5	1.5
1904.8435	1.3694e+03	7	5	2	1.5	2.5
1875.8194	1.5370e+02	7	5	2	1.5	1.5
1858.7330	6.5344e+02	7	5	2	1.5	0.5
1911.4085	3.7939e+03	7	5	1	2.5	3.5
1876.5882	1.7065e+03	7	5	1	2.5	2.5
1852.6067	1.7500e+03	7	5	1	2.5	1.5
1919.3537	1.1919e+03	7	5	2	2.5	3.5
1878.6374	6.4870e+01	7	5	2	2.5	2.5
1850.4005	6.6379e+02	7	5	2	2.5	1.5
1925.0307	2.8810e+03	7	5	1	3.5	4.5
1879.6411	6.3593e+02	7	5	1	3.5	3.5
1845.9583	1.5825e+03	7	5	1	3.5	2.5
1935.0119	7.6348e+02	7	5	2	3.5	4.5
1882.5400	2.5840e+01	7	5	2	3.5	3.5
1843.3546	4.3375e+02	7	5	2	3.5	2.5
1939.9176	1.6494e+03	7	5	1	4.5	5.5
1883.6520	2.1098e+02	7	5	1	4.5	4.5
1840.1707	9.2814e+02	7	5	1	4.5	3.5
1951.8439	3.7680e+02	7	5	2	4.5	5.5
1887.5109	8.9667e+00	7	5	2	4.5	4.5
1837.5503	2.0907e+02	7	5	2	4.5	3.5
1956.1032	7.4318e+02	7	5	1	5.5	6.5
1888.6546	6.0740e+01	7	5	1	5.5	5.5
1835.2825	4.0905e+02	7	5	1	5.5	4.5
1969.8937	1.4660e+02	7	5	2	5.5	6.5
1893.5460	2.6296e+00	7	5	2	5.5	5.5
1832.9390	7.7806e+01	7	5	2	5.5	4.5
1973.6209	2.6852e+02	7	5	1	6.5	7.5
1894.6785	1.4984e+01	7	5	1	6.5	6.5
1831.3308	1.4149e+02	7	5	1	6.5	5.5
1989.2161	4.5605e+01	7	5	2	6.5	7.5
1900.6525	6.4367e-01	7	5	2	6.5	6.5
1829.4807	2.2865e+01	7	5	2	6.5	5.5
1992.5083	7.8621e+01	7	5	1	7.5	8.5
1901.7517	3.1457e+00	7	5	1	7.5	7.5
1828.3470	3.9158e+01	7	5	1	7.5	6.5
2009.8728	1.1457e+01	7	5	2	7.5	8.5
1908.8468	1.3099e-01	7	5	2	7.5	7.5
1827.1480	5.3776e+00	7	5	2	7.5	6.5
2012.8093	1.8787e+01	7	5	1	8.5	9.5
1909.9028	5.5952e-01	7	5	1	8.5	8.5
1826.3577	8.7635e+00	7	5	1	8.5	7.5
2031.9313	2.3426e+00	7	5	2	8.5	9.5
1918.1530	2.2149e-02	7	5	2	8.5	8.5
1825.9256	1.0218e+00	7	5	2	8.5	7.5
2034.5756	3.6833e+00	7	5	1	9.5	10.5
1919.1626	8.4162e-02	7	5	1	9.5	9.5
1825.3859	1.5968e+00	7	5	1	9.5	8.5
2055.4645	3.9233e-01	7	5	2	9.5	10.5
1928.6019	3.1203e-03	7	5	2	9.5	9.5
1825.8086	1.5789e-01	7	5	2	9.5	8.5
2057.8675	5.9558e-01	7	5	1	10.5	11.5
1929.5653	1.0705e-02	7	5	1	10.5	10.5
1825.4537	2.3831e-01	7	5	1	10.5	9.5
2080.5517	5.4142e-02	7	5	2	10.5	11.5
1940.2301	3.6660e-04	7	5	2	10.5	10.5
1826.8007	1.9968e-02	7	5	2	10.5	9.5
2082.7541	7.9756e-02	7	5	1	11.5	12.5
1941.1496	1.1503e-03	7	5	1	11.5	11.5
1826.5836	2.9251e-02	7	5	1	11.5	10.5
2107.2800	6.1886e-03	7	5	2	11.5	12.5
1953.0805	3.6052e-05	7	5	2	11.5	11.5
1828.9135	2.0764e-03	7	5	2	11.5	10.5
2109.3143	8.8841e-03	7	5	1	12.5	13.5
1953.9591	1.0464e-04	7	5	1	12.5	12.5
1828.8002	2.9641e-03	7	5	1	12.5	11.5
2135.7452	5.8893e-04	7	5	2	12.5	13.5
1967.2023	2.9762e-06	7	5	2	12.5	12.5
1832.1648	1.7828e-04	7	5	2	12.5	11.5
2137.6378	8.2674e-04	7	5	1	13.5	14.5
1968.0432	8.0678e-06	7	5	1	13.5	13.5
1832.1304	2.4885e-04	7	5	1	13.5	12.5
2166.0537	4.6896e-05	7	5	2	13.5	14.5
1982.6516	2.0741e-07	7	5	2	13.5	13.5
1836.5792	1.2688e-05	7	5	2	13.5	12.5
2167.8260	6.4560e-05	7	5	1	14.5	15.5
1983.4580	5.2859e-07	7	5	1	14.5	14.5
1836.6052	1.7366e-05	7	5	1	14.5	13.5
2198.3240	3.1405e-06	7	5	2	14.5	15.5
1999.4919	1.2254e-08	7	5	2	14.5	14.5
1842.1871	7.5100e-07	7	5	2	14.5	13.5
2000.2669	2.9543e-08	7	5	1	15.5	15.5
1842.2597	1.0102e-06	7	5	1	15.5	14.5
2017.7953	6.1351e-10	7	5	2	15.5	15.5
1849.0253	3.7080e-08	7	5	2	15.5	14.5
2019.3227	6.7328e+02	8	6	2	0.5	1.5
2000.5014	3.2207e+02	8	6	2	0.5	0.5
2027.5840	2.1770e+03	8	6	1	1.5	2.5
2000.8164	2.8892e+03	8	6	1	1.5	1.5
2033.9498	9.3312e+02	8	6	2	1.5	2.5
2002.4830	1.0254e+02	8	6	2	1.5	1.5
1983.9729	4.3530e+02	8	6	2	1.5	0.5
2041.2679	2.6063e+03	8	6	1	2.5	3.5
2003.3211	1.1573e+03	8	6	1	2.5	2.5
1977.1862	1.1653e+03	8	6	1	2.5	1.5
2049.9365	8.3921e+02	8	6	2	2.5	3.5
2005.7585	4.4201e+01	8	6	2	2.5	2.5
1975.1514	4.5153e+02	8	6	2	2.5	1.5
2056.3548	2.0502e+03	8	6	1	3.5	4.5
2006.8995	4.4627e+02	8	6	1	3.5	3.5
1970.2083	1.0796e+03	8	6	1	3.5	2.5
2067.2844	5.6143e+02	8	6	2	3.5	4.5
2010.3037	1.8201e+01	8	6	2	3.5	3.5
1967.7998	3.0430e+02	8	6	2	3.5	2.5
2072.9015	1.2275e+03	8	6	1	4.5	5.5
2011.5974	1.5439e+02	8	6	1	4.5	4.5
1964.2467	6.5438e+02	8	6	1	4.5	3.5
2086.0246	2.9242e+02	8	6	2	4.5	5.5
2016.1038	6.6129e+00	8	6	2	4.5	4.5
1961.8724	1.5275e+02	8	6	2	4.5	3.5
2090.9568	5.8393e+02	8	6	1	5.5	6.5
2017.4565	4.6765e+01	8	6	1	5.5	5.5
1959.3420	3.0068e+02	8	6	1	5.5	4.5
2106.2094	1.2131e+02	8	6	2	5.5	6.5
2023.1582	2.0538e+00	8	6	2	5.5	5.5
1957.3218	5.9749e+01	8	6	2	5.5	4.5
2110.5690	2.2495e+02	8	6	1	6.5	7.5
2024.5152	1.2252e+01	8	6	1	6.5	6.5
1955.5347	1.0938e+02	8	6	1	6.5	5.5
2127.9055	4.0652e+01	8	6	2	6.5	7.5
2031.4796	5.3852e-01	8	6	2	6.5	6.5
1954.1091	1.8620e+01	8	6	2	6.5	5.5
2131.7916	7.0924e+01	8	6	1	7.5	8.5
2032.8114	2.7569e+00	8	6	1	7.5	7.5
1952.8615	3.2105e+01	8	6	1	7.5	6.5
2151.1906	1.1113e+01	8	6	2	7.5	8.5
2041.0924	1.1868e-01	8	6	2	7.5	7.5
1952.2096	4.6841e+00	8	6	2	7.5	6.5
2154.6863	1.8433e+01	8	6	1	8.5	9.5
2042.3845	5.3081e-01	8	6	1	8.5	8.5
1951.3553	7.6843e+00	8	6	1	8.5	7.5
2176.1511	2.4978e+00	8	6	2	8.5	9.5
2052.0310	2.1979e-02	8	6	2	8.5	8.5
1951.6120	9.5968e-01	8	6	2	8.5	7.5
2179.3250	3.9723e+00	8	6	1	9.5	10.5
2053.2777	8.7324e-02	8	6	1	9.5	9.5
1951.0471	1.5117e+00	8	6	1	9.5	8.5
2202.8830	4.6778e-01	8	6	2	9.5	10.5
2064.3392	3.4235e-03	8	6	2	9.5	9.5
1952.3179	1.6139e-01	8	6	2	9.5	8.5
2205.7910	7.1291e-01	8	6	1	10.5	11.5
2065.5398	1.2254e-02	8	6	1	10.5	10.5
1951.9681	2.4507e-01	8	6	1	10.5	9.5
2231.4928	7.1955e-02	8	6	2	10.5	11.5
2078.0693	4.1967e-04	8	6	2	10.5	10.5
1954.3394	2.2333e-02	8	6	2	10.5	9.5
2234.1803	1.0705e-01	8	6	1	11.5	12.5
2079.2260	1.4678e-03	8	6	1	11.5	11.5
1954.1515	3.2897e-02	8	6	1	11.5	10.5
2262.0989	9.3217e-03	8	6	2	11.5	12.5
2093.2833	4.9859e-05	8	6	2	11.5	11.5
1957.6988	2.5565e-03	8	6	2	11.5	10.5
2264.6032	1.3508e-02	8	6	1	12.5	13.5
2094.3994	1.5025e-04	8	6	1	12.5	12.5
1957.6344	3.6679e-03	8	6	1	12.5	11.5
2294.8341	1.0159e-03	8	6	2	12.5	13.5
2110.0527	4.6927e-06	8	6	2	12.5	12.5
1962.4278	2.4285e-04	8	6	2	12.5	11.5
2297.1860	1.4388e-03	8	6	1	13.5	14.5
2111.1322	1.3164e-05	8	6	1	13.5	13.5
1962.4586	3.4049e-04	8	6	1	13.5	12.5
2329.8479	9.3611e-05	8	6	2	13.5	14.5
2128.4599	3.7587e-07	8	6	2	13.5	13.5
1968.5670	1.9190e-05	8	6	2	13.5	12.5
2332.0730	1.2997e-04	8	6	1	14.5	15.5
2129.5072	9.9049e-07	8	6	1	14.5	14.5
1968.6726	2.6363e-05	8	6	1	14.5	13.5
2367.3094	7.3321e-06	8	6	2	14.5	15.5
2148.5994	2.5774e-08	8	6	2	14.5	14.5
1976.1667	1.2627e-06	8	6	2	14.5	13.5
2149.6188	6.4121e-08	8	6	1	15.5	15.5
1976.3317	1.7035e-06	8	6	1	15.5	14.5
2170.5793	1.5160e-09	8	6	2	15.5	15.5
1985.2871	6.9160e-08	8	6	2	15.5	14.5
2171.1170	4.0028e+02	9	7	2	0.5	1.5
2150.5045	1.8856e+02	9	7	2	0.5	0.5
2180.2313	1.3004e+03	9	7	1	1.5	2.5
2150.7309	1.6963e+03	9	7	1	1.5	1.5
2187.3518	5.6901e+02	9	7	2	1.5	2.5
2152.8664	6.0687e+01	9	7	2	1.5	1.5
2132.5974	2.5577e+02	9	7	2	1.5	0.5
2195.5638	1.6035e+03	9	7	1	2.5	3.5
2153.7523	6.9719e+02	9	7	1	2.5	2.5
2124.9594	6.8148e+02	9	7	1	2.5	1.5
2205.2366	5.3061e+02	9	7	2	2.5	3.5
2156.7780	2.6714e+01	9	7	2	2.5	2.5
2123.2424	2.6975e+02	9	7	2	2.5	1.5
2212.5517	1.3112e+03	9	7	1	3.5	4.5
2158.0643	2.7776e+02	9	7	1	3.5	3.5
2117.6557	6.4432e+02	9	7	1	3.5	2.5
2224.7809	3.7204e+02	9	7	2	3.5	4.5
2162.2181	1.1376e+01	9	7	2	3.5	3.5
2115.6116	1.8662e+02	9	7	2	3.5	2.5
2231.2725	8.2377e+02	9	7	1	4.5	5.5
2163.7230	1.0029e+02	9	7	1	4.5	4.5
2111.5856	4.0189e+02	9	7	1	4.5	3.5
2246.0264	2.0525e+02	9	7	2	4.5	5.5
2169.1767	4.3246e+00	9	7	2	4.5	4.5
2109.6602	9.7027e+01	9	7	2	4.5	3.5
2251.7968	4.1527e+02	9	7	1	5.5	6.5
2170.7826	3.1999e+01	9	7	1	5.5	5.5
2106.7934	1.9154e+02	9	7	1	5.5	4.5
2269.0403	9.1139e+01	9	7	2	5.5	6.5
2177.6602	1.4239e+00	9	7	2	5.5	5.5
2105.3424	3.9645e+01	9	7	2	5.5	4.5
2274.1965	1.7122e+02	9	7	1	6.5	7.5
2179.2958	8.9122e+00	9	7	1	6.5	6.5
2103.3264	7.2832e+01	9	7	1	6.5	5.5
2293.9096	3.3031e+01	9	7	2	6.5	7.5
2187.6912	4.0048e-01	9	7	2	6.5	6.5
2102.6231	1.3004e+01	9	7	2	6.5	5.5
2298.5505	5.8367e+01	9	7	1	7.5	8.5
2189.3160	2.1518e+00	9	7	1	7.5	7.5
2101.2299	2.2508e+01	9	7	1	7.5	6.5
2320.7369	9.8680e+00	9	7	2	7.5	8.5
2199.3077	9.5657e-02	9	7	2	7.5	7.5
2101.4829	3.4673e+00	9	7	2	7.5	6.5
2324.9488	1.6569e+01	9	7	1	8.5	9.5
2200.9003	4.4893e-01	9	7	1	8.5	8.5
2100.5473	5.7092e+00	9	7	1	8.5	7.5
2349.6395	2.4492e+00	9	7	2	8.5	9.5
2212.5611	1.9405e-02	9	7	2	8.5	8.5
2101.9185	7.5738e-01	9	7	2	8.5	7.5
2353.4953	3.9357e+00	9	7	1	9.5	10.5
2214.1118	8.0679e-02	9	7	1	9.5	9.5
2101.3220	1.1944e+00	9	7	1	9.5	8.5
2380.7489	5.0822e-01	9	7	2	9.5	10.5
2227.5156	3.3450e-03	9	7	2	9.5	9.5
2103.9416	1.3618e-01	9	7	2	9.5	8.5
2384.3098	7.8836e-01	9	7	1	10.5	11.5
2229.0218	1.2521e-02	9	7	1	10.5	10.5
2103.5992	2.0739e-01	9	7	1	10.5	9.5
2414.2131	8.8779e-02	9	7	2	10.5	11.5
2244.2479	4.9085e-04	9	7	2	10.5	10.5
2107.5778	2.0243e-02	9	7	2	10.5	9.5
2417.5298	1.3356e-01	9	7	1	11.5	12.5
2245.7108	1.6738e-03	9	7	1	11.5	11.5
2107.4281	2.9881e-02	9	7	1	11.5	10.5
2450.1982	1.3114e-02	9	7	2	11.5	12.5
2262.8479	6.1533e-05	9	7	2	11.5	11.5
2112.8653	2.4888e-03	9	7	2	11.5	10.5
2453.3133	1.9196e-02	9	7	1	12.5	13.5
2264.2710	1.9323e-04	9	7	1	12.5	12.5
2112.8641	3.5745e-03	9	7	1	12.5	11.5
2488.8916	1.6468e-03	9	7	2	12.5	13.5
2283.4194	6.6111e-06	9	7	2	12.5	12.5
2119.8547	2.5290e-04	9	7	2	12.5	11.5
2491.8408	2.3552e-03	9	7	1	13.5	14.5
2284.8075	1.9259e-05	9	7	1	13.5	13.5
2119.9697	3.5447e-04	9	7	1	13.5	12.5
2530.5052	1.7677e-04	9	7	2	13.5	14.5
2306.0817	6.1172e-07	9	7	2	13.5	13.5
2128.6089	2.1159e-05	9	7	2	13.5	12.5
2533.3192	2.4771e-04	9	7	1	14.5	15.5
2307.4401	1.6664e-06	9	7	1	14.5	14.5
2128.8165	2.9012e-05	9	7	1	14.5	13.5
2575.2800	1.6305e-05	9	7	2	14.5	15.5
2330.9713	4.8700e-08	9	7	2	14.5	14.5
2139.2036	1.4448e-06	9	7	2	14.5	13.5
2332.3059	1.2516e-07	9	7	1	15.5	15.5
2139.4866	1.9403e-06	9	7	1	15.5	14.5
2358.2442	3.3674e-09	9	7	2	15.5	15.5
2151.7281	7.8993e-08	9	7	2	15.5	14.5
985.1185	4.0543e+01	3	0	2	0.5	1.5
979.2100	2.0006e+01	3	0	2	0.5	0.5
987.4844	1.2929e+02	3	0	1	1.5	2.5
979.3803	1.7460e+02	3	0	1	1.5	1.5
989.7458	5.1001e+01	3	0	2	1.5	2.5
979.9225	6.0266e+00	3	0	2	1.5	1.5
974.0760	2.5186e+01	3	0	2	1.5	0.5
991.7391	1.3735e+02	3	0	1	2.5	3.5
980.2357	6.2115e+01	3	0	1	2.5	2.5
972.2497	6.6489e+01	3	0	1	2.5	1.5
994.7989	3.9431e+01	3	0	2	2.5	3.5
981.0900	2.3446e+00	3	0	2	2.5	2.5
971.4370	2.3162e+01	3	0	2	2.5	1.5
996.4662	9.1715e+01	3	0	1	3.5	4.5
981.4675	2.0381e+01	3	0	1	3.5	3.5
970.1998	5.3864e+01	3	0	1	3.5	2.5
1000.2737	2.1496e+01	3	0	2	3.5	4.5
982.6958	8.1629e-01	3	0	2	3.5	3.5
969.3162	1.3100e+01	3	0	2	3.5	2.5
1001.6732	4.4461e+01	3	0	1	4.5	5.5
983.0918	5.7067e+00	3	0	1	4.5	4.5
968.4900	2.7171e+01	3	0	1	4.5	3.5
1006.1781	8.6481e+00	3	0	2	4.5	5.5
984.7292	2.3415e-01	3	0	2	4.5	4.5
967.6888	5.2607e+00	3	0	2	4.5	3.5
1007.3639	1.6325e+01	3	0	1	5.5	6.5
985.1200	1.3451e+00	3	0	1	5.5	5.5
967.1422	9.9355e+00	3	0	1	5.5	4.5
1012.5255	2.6362e+00	3	0	2	5.5	6.5
987.1858	5.6794e-02	3	0	2	5.5	5.5
966.5307	1.5666e+00	3	0	2	5.5	4.5
1013.5424	4.6327e+00	3	0	1	6.5	7.5
987.5606	2.6400e-01	3	0	1	6.5	6.5
966.1734	2.7507e+00	3	0	1	6.5	5.5
1019.3313	6.1794e-01	3	0	2	6.5	7.5
990.0659	9.9135e-03	3	0	2	6.5	6.5
965.8245	3.5358e-01	3	0	2	6.5	5.5
1020.2144	1.0224e+00	3	0	1	7.5	8.5
990.4205	4.2679e-02	3	0	1	7.5	7.5
965.5961	5.8637e-01	3	0	1	7.5	6.5
1026.6113	1.1245e-01	3	0	2	7.5	8.5
993.3729	1.5922e-03	3	0	2	7.5	7.5
965.5587	6.1699e-02	3	0	2	7.5	6.5
1027.3876	1.7751e-01	3	0	1	8.5	9.5
993.7065	5.4081e-03	3	0	1	8.5	8.5
965.4192	9.7665e-02	3	0	1	8.5	7.5
1034.3814	1.6021e-02	3	0	2	8.5	9.5
997.1120	1.9710e-04	3	0	2	8.5	8.5
965.7271	8.3907e-03	3	0	2	8.5	7.5
1035.0717	2.4236e-02	3	0	1	9.5	10.5
997.4255	6.0374e-04	3	0	1	9.5	9.5
965.6498	1.2722e-02	3	0	1	9.5	8.5
1042.6582	1.7995e-03	3	0	2	9.5	10.5
1001.2904	1.8842e-05	3	0	2	9.5	9.5
966.3271	8.9502e-04	3	0	2	9.5	8.5
1043.2782	2.6372e-03	3	0	1	10.5	11.5
1001.5851	5.1073e-05	3	0	1	10.5	10.5
966.2938	1.3604e-03	3	0	1	10.5	9.5
1051.4584	1.6029e-04	3	0	2	10.5	11.5
1005.9161	1.3890e-06	3	0	2	10.5	10.5
967.3585	7.5561e-05	3	0	2	10.5	9.5
1052.0207	2.2848e-04	3	0	1	11.5	12.5
1006.1938	3.5887e-06	3	0	1	11.5	11.5
967.3569	1.0806e-04	3	0	1	11.5	10.5
1060.8001	1.1386e-05	3	0	2	11.5	12.5
1010.9985	7.8390e-08	3	0	2	11.5	11.5
968.8234	5.0954e-06	3	0	2	11.5	10.5
1061.3143	1.5857e-05	3	0	1	12.5	13.5
1011.2610	2.1947e-07	3	0	1	12.5	12.5
968.8447	7.0779e-06	3	0	1	12.5	11.5
1070.7020	6.4838e-07	3	0	2	12.5	13.5
1016.5482	4.4334e-09	3	0	2	12.5	12.5
970.7252	2.7376e-07	3	0	2	12.5	11.5
1071.1760	8.8379e-07	3	0	1	13.5	14.5
1016.7969	1.0630e-08	3	0	1	13.5	13.5
970.7635	3.7356e-07	3	0	1	13.5	12.5
1081.1845	2.9750e-08	3	0	2	13.5	14.5
1022.5766	1.5153e-10	3	0	2	13.5	13.5
973.0689	1.1870e-08	3	0	2	13.5	12.5
1081.6245	3.9874e-08	3	0	1	14.5	15.5
1022.8132	4.0757e-10	3	0	1	14.5	14.5
973.1197	1.5895e-08	3	0	1	14.5	13.5
1092.2693	1.1073e-09	3	0	2	14.5	15.5
1029.0966	5.5926e-12	3	0	2	14.5	14.5
975.8607	4.1572e-10	3	0	2	14.5	13.5
1029.3224	1.2334e-11	3	0	1	15.5	15.5
975.9208	5.4765e-10	3	0	1	15.5	14.5
1036.1221	1.6803e-13	3	0	2	15.5	15.5
979.1076	1.1874e-11	3	0	2	15.5	14.5
1035.0128	1.1116e+02	4	1	2	0.5	1.5
1028.7588	5.5171e+01	4	1	2	0.5	0.5
1037.5720	3.5351e+02	4	1	1	1.5	2.5
1028.9457	4.8428e+02	4	1	1	1.5	1.5
1039.9387	1.4168e+02	4	1	2	1.5	2.5
1029.5345	1.6915e+01	4	1	2	1.5	1.5
1023.3464	7.1484e+01	4	1	2	1.5	0.5
1042.1218	3.8308e+02	4	1	1	2.5	3.5
1029.8846	1.7675e+02	4	1	1	2.5	2.5
1021.3851	1.9066e+02	4	1	1	2.5	1.5
1045.3365	1.1229e+02	4	1	2	2.5	3.5
1030.8076	6.7420e+00	4	1	2	2.5	2.5
1020.5844	6.8033e+01	4	1	2	2.5	1.5
1047.1830	2.6329e+02	4	1	1	3.5	4.5
1031.2344	5.9905e+01	4	1	1	3.5	3.5
1019.2500	1.6012e+02	4	1	1	3.5	2.5
1051.2012	6.3518e+01	4	1	2	3.5	4.5
1032.5609	2.4411e+00	4	1	2	3.5	3.5
1018.3826	4.0427e+01	4	1	2	3.5	2.5
1052.7657	1.3265e+02	4	1	1	4.5	5.5
1033.0129	1.7650e+01	4	1	1	4.5	4.5
1017.4898	8.4941e+01	4	1	1	4.5	3.5
1057.5402	2.6845e+01	4	1	2	4.5	5.5
1034.7836	7.3578e-01	4	1	2	4.5	4.5
1016.7160	1.7207e+01	4	1	2	4.5	3.5
1058.8763	5.1192e+01	4	1	1	5.5	6.5
1035.2330	4.3891e+00	4	1	1	5.5	5.5
1016.1266	3.2970e+01	4	1	1	5.5	4.5
1064.3675	8.6867e+00	4	1	2	5.5	6.5
1037.4710	1.8266e-01	4	1	2	5.5	5.5
1015.5610	5.4968e+00	4	1	2	5.5	4.5
1065.5207	1.5390e+01	4	1	1	6.5	7.5
1037.9045	9.0997e-01	4	1	1	6.5	6.5
1015.1784	9.7760e+00	4	1	1	6.5	5.5
1071.6996	2.1818e+00	4	1	2	6.5	7.5
1040.6238	3.7137e-02	4	1	2	6.5	6.5
1014.8995	1.3496e+00	4	1	2	6.5	5.5
1072.7065	3.6420e+00	4	1	1	7.5	8.5
1041.0360	1.5648e-01	4	1	1	7.5	7.5
1014.6587	2.2610e+00	4	1	1	7.5	6.5
1079.5541	4.2981e-01	4	1	2	7.5	8.5
1044.2461	5.9444e-03	4	1	2	7.5	7.5
1014.7201	2.5808e-01	4	1	2	7.5	6.5
1080.4434	6.8366e-01	4	1	1	8.5	9.5
1044.6354	2.2371e-02	4	1	1	8.5	8.5
1014.5775	4.1174e-01	4	1	1	8.5	7.5
1087.9492	6.6920e-02	4	1	2	8.5	9.5
1048.3443	7.9180e-04	4	1	2	8.5	8.5
1015.0168	3.8875e-02	4	1	2	8.5	7.5
1088.7432	1.0131e-01	4	1	1	9.5	10.5
1048.7114	2.5644e-03	4	1	1	9.5	9.5
1014.9429	5.8784e-02	4	1	1	9.5	8.5
1096.9038	8.2127e-03	4	1	2	9.5	10.5
1052.9267	8.1781e-05	4	1	2	9.5	9.5
1015.7871	4.5829e-03	4	1	2	9.5	8.5
1097.6199	1.2136e-02	4	1	1	10.5	11.5
1053.2730	2.4844e-04	4	1	1	10.5	10.5
1015.7622	6.7829e-03	4	1	1	10.5	9.5
1106.4378	8.1431e-04	4	1	2	10.5	11.5
1058.0033	7.1349e-06	4	1	2	10.5	10.5
1017.0318	4.3616e-04	4	1	2	10.5	9.5
1107.0895	1.1696e-03	4	1	1	11.5	12.5
1058.3306	1.9291e-05	4	1	1	11.5	11.5
1017.0420	6.2762e-04	4	1	1	11.5	10.5
1116.5722	6.4967e-05	4	1	2	11.5	12.5
1063.5852	4.9273e-07	4	1	2	11.5	11.5
1018.7538	3.3358e-05	4	1	2	11.5	10.5
1117.1702	9.1064e-05	4	1	1	12.5	13.5
1063.8954	1.2503e-06	4	1	1	12.5	12.5
1018.7896	4.6817e-05	4	1	1	12.5	11.5
1127.3293	4.1921e-06	4	1	2	12.5	13.5
1069.6853	2.8507e-08	4	1	2	12.5	12.5
1020.9578	2.0589e-06	4	1	2	12.5	11.5
1127.8823	5.7534e-06	4	1	1	13.5	14.5
1069.9802	6.7713e-08	4	1	1	13.5	13.5
1021.0124	2.8265e-06	4	1	1	13.5	12.5
1138.7332	2.1991e-07	4	1	2	13.5	14.5
1076.3174	1.3252e-09	4	1	2	13.5	13.5
1023.6503	1.0304e-07	4	1	2	13.5	12.5
1139.2483	2.9626e-07	4	1	1	14.5	15.5
1076.5987	3.0264e-09	4	1	1	14.5	14.5
1023.7189	1.3899e-07	4	1	1	14.5	13.5
1150.8099	9.4214e-09	4	1	2	14.5	15.5
1083.4972	4.9586e-11	4	1	2	14.5	14.5
1026.8391	4.2077e-09	4	1	2	14.5	13.5
1083.7664	1.0844e-10	4	1	1	15.5	15.5
1026.9181	5.5822e-09	4	1	1	15.5	14.5
1091.2417	1.6181e-12	4	1	2	15.5	15.5
1030.5332	1.4065e-10	4	1	2	15.5	14.5
1089.8680	1.6495e+02	5	2	2	0.5	1.5
1083.2257	8.1956e+01	5	2	2	0.5	0.5
1092.6430	5.2520e+02	5	2	1	1.5	2.5
1083.4290	7.2360e+02	5	2	1	1.5	1.5
1095.1349	2.1346e+02	5	2	2	1.5	2.5
1084.0780	2.5381e+01	5	2	2	1.5	1.5
1077.5059	1.0843e+02	5	2	2	1.5	0.5
1097.5330	5.8052e+02	5	2	1	2.5	3.5
1084.4693	2.7044e+02	5	2	1	2.5	2.5
1075.3920	2.9113e+02	5	2	1	2.5	1.5
1100.9293	1.7373e+02	5	2	2	2.5	3.5
1085.4789	1.0307e+01	5	2	2	2.5	2.5
1074.6152	1.0630e+02	5	2	2	2.5	1.5
1102.9815	4.1066e+02	5	2	1	3.5	4.5
1085.9628	9.4652e+01	5	2	1	3.5	3.5
1073.1714	2.5226e+02	5	2	1	3.5	2.5
1107.2457	1.0197e+02	5	2	2	3.5	4.5
1087.4110	3.8586e+00	5	2	2	3.5	3.5
1072.3350	6.5743e+01	5	2	2	3.5	2.5
1109.0019	2.1513e+02	5	2	1	4.5	5.5
1087.9288	2.9023e+01	5	2	1	4.5	4.5
1071.3680	1.3944e+02	5	2	1	4.5	3.5
1114.0911	4.5224e+01	5	2	2	4.5	5.5
1089.8631	1.2325e+00	5	2	2	4.5	4.5
1070.6408	2.9427e+01	5	2	2	4.5	3.5
1115.6034	8.7070e+01	5	2	1	5.5	6.5
1090.3823	7.6003e+00	5	2	1	5.5	5.5
1070.0044	5.6930e+01	5	2	1	5.5	4.5
1121.4803	1.5506e+01	5	2	2	5.5	6.5
1092.8307	3.2443e-01	5	2	2	5.5	5.5
1069.5088	9.9880e+00	5	2	2	5.5	4.5
1122.7947	2.7743e+01	5	2	1	6.5	7.5
1093.3349	1.6742e+00	5	2	1	6.5	6.5
1069.0996	1.7943e+01	5	2	1	6.5	5.5
1129.4313	4.1695e+00	5	2	2	6.5	7.5
1096.3149	6.9568e-02	5	2	2	6.5	6.5
1068.9209	2.6317e+00	5	2	2	6.5	5.5
1130.5859	7.0295e+00	5	2	1	7.5	8.5
1096.7969	3.0850e-01	5	2	1	7.5	7.5
1068.6684	4.4499e+00	5	2	1	7.5	6.5
1137.9643	8.8865e-01	5	2	2	7.5	8.5
1100.3208	1.2212e-02	5	2	2	7.5	7.5
1068.8657	5.4574e-01	5	2	2	7.5	6.5
1138.9893	1.4265e+00	5	2	1	8.5	9.5
1100.7783	4.7315e-02	5	2	1	8.5	8.5
1068.7222	8.7818e-01	5	2	1	8.5	7.5
1147.1002	1.5124e-01	5	2	2	8.5	9.5
1104.8566	1.7334e-03	5	2	2	8.5	8.5
1069.3375	8.9948e-02	5	2	2	8.5	7.5
1148.0196	2.3321e-01	5	2	1	9.5	10.5
1105.2897	6.0328e-03	5	2	1	9.5	9.5
1069.2706	1.3898e-01	5	2	1	9.5	8.5
1156.8616	2.0699e-02	5	2	2	9.5	10.5
1109.9326	2.0347e-04	5	2	2	9.5	9.5
1070.3349	1.1885e-02	5	2	2	9.5	8.5
1157.6942	3.0839e-02	5	2	1	10.5	11.5
1110.3427	6.4076e-04	5	2	1	10.5	10.5
1070.3226	1.7737e-02	5	2	1	10.5	9.5
1167.2723	2.2894e-03	5	2	2	10.5	11.5
1115.5611	1.9540e-05	5	2	2	10.5	10.5
1071.8597	1.2662e-03	5	2	2	10.5	9.5
1168.0330	3.3136e-03	5	2	1	11.5	12.5
1115.9500	5.6452e-05	5	2	1	11.5	11.5
1071.8868	1.8350e-03	5	2	1	11.5	10.5
1178.3578	2.0584e-04	5	2	2	11.5	12.5
1121.7563	1.5254e-06	5	2	2	11.5	11.5
1073.9166	1.0939e-04	5	2	2	11.5	10.5
1179.0587	2.9066e-04	5	2	1	12.5	13.5
1122.1263	4.1078e-06	5	2	1	12.5	12.5
1073.9724	1.5461e-04	5	2	1	12.5	11.5
1190.1459	1.5120e-05	5	2	2	12.5	13.5
1128.5345	9.9920e-08	5	2	2	12.5	12.5
1076.5126	7.7032e-06	5	2	2	12.5	11.5
1190.7966	2.0901e-05	5	2	1	13.5	14.5
1128.8874	2.5178e-07	5	2	1	13.5	13.5
1076.5896	1.0655e-05	5	2	1	13.5	12.5
1202.6667	9.1210e-07	5	2	2	13.5	14.5
1135.9137	5.3045e-09	5	2	2	13.5	13.5
1079.6566	4.4474e-07	5	2	2	13.5	12.5
1203.2752	1.2374e-06	5	2	1	14.5	15.5
1136.2516	1.2743e-08	5	2	1	14.5	14.5
1079.7495	6.0388e-07	5	2	1	14.5	13.5
1215.9530	4.5409e-08	5	2	2	14.5	15.5
1143.9141	2.4235e-10	5	2	2	14.5	14.5
1083.3596	2.1153e-08	5	2	2	14.5	13.5
1144.2388	5.3805e-10	5	2	1	15.5	15.5
1083.4645	2.8248e-08	5	2	1	15.5	14.5
1152.5580	8.8365e-12	5	2	2	15.5	15.5
1087.6344	8.3348e-10	5	2	2	15.5	14.5
1150.8616	2.0128e+02	6	3	2	0.5	1.5
1143.7764	9.9981e+01	6	3	2	0.5	0.5
1153.8791	6.4162e+02	6	3	1	1.5	2.5
1143.9940	8.8804e+02	6	3	1	1.5	1.5
1156.5249	2.6479e+02	6	3	2	1.5	2.5
1144.7236	3.1318e+01	6	3	2	1.5	1.5
1137.7135	1.3510e+02	6	3	2	1.5	0.5
1159.1685	7.2440e+02	6	3	1	2.5	3.5
1145.1604	3.4006e+02	6	3	1	2.5	2.5
1135.4235	3.6489e+02	6	3	1	2.5	1.5
1162.7847	2.2160e+02	6	3	2	2.5	3.5
1146.2828	1.3026e+01	6	3	2	2.5	2.5
1134.6885	1.3644e+02	6	3	2	2.5	1.5
1165.0746	5.2842e+02	6	3	1	3.5	4.5
1146.8326	1.2310e+02	6	3	1	3.5	3.5
1133.1193	3.2660e+02	6	3	1	3.5	2.5
1169.6348	1.3525e+02	6	3	2	3.5	4.5
1148.4366	5.0586e+00	6	3	2	3.5	3.5
1132.3366	8.7888e+01	6	3	2	3.5	2.5
1171.6151	2.8825e+02	6	3	1	4.5	5.5
1149.0320	3.9379e+01	6	3	1	4.5	4.5
1131.2851	1.8828e+02	6	3	1	4.5	3.5
1177.0827	6.3046e+01	6	3	2	4.5	5.5
1151.1737	1.6915e+00	6	3	2	4.5	4.5
1130.6335	4.1426e+01	6	3	2	4.5	3.5
1178.8029	1.2271e+02	6	3	1	5.5	6.5
1151.7759	1.0849e+01	6	3	1	5.5	5.5
1129.9440	8.0991e+01	6	3	1	5.5	4.5
1185.1443	2.2965e+01	6	3	2	5.5	6.5
1154.4899	4.7235e-01	6	3	2	5.5	5.5
1129.5554	1.4966e+01	6	3	2	5.5	4.5
1186.6503	4.1529e+01	6	3	1	6.5	7.5
1155.0786	2.5457e+00	6	3	1	6.5	6.5
1129.1166	2.7163e+01	6	3	1	6.5	5.5
1193.8401	6.6300e+00	6	3	2	6.5	7.5
1158.3872	1.0889e-01	6	3	2	6.5	6.5
1129.0842	4.2403e+00	6	3	2	6.5	5.5
1195.1708	1.1293e+01	6	3	1	7.5	8.5
1158.9529	5.0330e-01	6	3	1	7.5	7.5
1128.8192	7.2436e+00	6	3	1	7.5	6.5
1203.1933	1.5326e+00	6	3	2	7.5	8.5
1162.8725	2.0712e-02	6	3	2	7.5	7.5
1129.2091	9.5544e-01	6	3	2	7.5	6.5
1204.3805	2.4848e+00	6	3	1	8.5	9.5
1163.4115	8.3861e-02	6	3	1	8.5	8.5
1129.0653	1.5528e+00	6	3	1	8.5	7.5
1213.2291	2.8584e-01	6	3	2	8.5	9.5
1167.9561	3.2456e-03	6	3	2	8.5	8.5
1129.9252	1.7295e-01	6	3	2	8.5	7.5
1214.2985	4.4465e-01	6	3	1	9.5	10.5
1168.4680	1.1714e-02	6	3	1	9.5	9.5
1129.8667	2.6963e-01	6	3	1	9.5	8.5
1223.9750	4.3289e-02	6	3	2	9.5	10.5
1173.6514	4.1985e-04	6	3	2	9.5	9.5
1131.2324	2.5341e-02	6	3	2	9.5	8.5
1224.9467	6.5065e-02	6	3	1	10.5	11.5
1174.1371	1.3717e-03	6	3	1	10.5	10.5
1131.2345	3.8144e-02	6	3	1	10.5	9.5
1235.4603	5.3566e-03	6	3	2	10.5	11.5
1179.9743	4.4872e-05	6	3	2	10.5	10.5
1133.1346	3.0253e-03	6	3	2	10.5	9.5
1236.3506	7.8175e-03	6	3	1	11.5	12.5
1180.4356	1.3501e-04	6	3	1	11.5	11.5
1133.1803	4.4207e-03	6	3	1	11.5	10.5
1247.7170	5.4441e-04	6	3	2	11.5	12.5
1186.9432	3.9781e-06	6	3	2	11.5	11.5
1135.6390	2.9599e-04	6	3	2	11.5	10.5
1248.5389	7.7476e-04	6	3	1	12.5	13.5
1187.3821	1.1148e-05	6	3	1	12.5	12.5
1135.7162	4.2161e-04	6	3	1	12.5	11.5
1260.7802	4.5682e-05	6	3	2	12.5	13.5
1194.5792	2.9620e-07	6	3	2	12.5	12.5
1138.7558	2.3865e-05	6	3	2	12.5	11.5
1261.5442	6.3602e-05	6	3	1	13.5	14.5
1194.9978	7.6974e-07	6	3	1	13.5	13.5
1138.8559	3.3252e-05	6	3	1	13.5	12.5
1274.6883	3.1809e-06	6	3	2	13.5	14.5
1202.9060	1.8287e-08	6	3	2	13.5	13.5
1142.4976	1.5941e-06	6	3	2	13.5	12.5
1275.4030	4.3455e-06	6	3	1	14.5	15.5
1203.3063	4.5157e-08	6	3	1	14.5	14.5
1142.6144	2.1786e-06	6	3	1	14.5	13.5
1289.4837	1.8475e-07	6	3	2	14.5	15.5
1211.9505	9.5623e-10	6	3	2	14.5	14.5
1146.8800	8.8662e-08	6	3	2	14.5	13.5
1212.3342	2.2374e-09	6	3	1	15.5	15.5
1147.0090	1.1915e-07	6	3	1	15.5	14.5
1221.7424	4.2156e-11	6	3	2	15.5	15.5
1151.9208	4.1279e-09	6	3	2	15.5	14.5
1219.6385	2.2575e+02	7	4	2	0.5	1.5
1212.0387	1.1209e+02	7	4	2	0.5	0.5
1222.9294	7.2020e+02	7	4	1	1.5	2.5
1212.2641	1.0009e+03	7	4	1	1.5	1.5
1225.7729	3.0199e+02	7	4	2	1.5	2.5
1213.1067	3.5520e+01	7	4	2	1.5	1.5
1205.5878	1.5463e+02	7	4	2	1.5	0.5
1228.6989	8.3106e+02	7	4	1	2.5	3.5
1213.5922	3.9303e+02	7	4	1	2.5	2.5
1203.0885	4.2018e+02	7	4	1	2.5	1.5
1232.5913	2.6001e+02	7	4	2	2.5	3.5
1214.8675	1.5119e+01	7	4	2	2.5	2.5
1202.4246	1.6094e+02	7	4	2	2.5	1.5
1235.1597	6.2557e+02	7	4	1	3.5	4.5
1215.4935	1.4720e+02	7	4	1	3.5	3.5
1200.7079	3.8864e+02	7	4	1	3.5	2.5
1240.0878	1.6515e+02	7	4	2	3.5	4.5
1217.3041	6.0826e+00	7	4	2	3.5	3.5
1200.0141	1.0803e+02	7	4	2	3.5	2.5
1242.3347	3.5566e+02	7	4	1	4.5	5.5
1217.9923	4.9176e+01	7	4	1	4.5	4.5
1198.8647	2.3381e+02	7	4	1	4.5	3.5
1248.2707	8.0997e+01	7	4	2	4.5	5.5
1220.4051	2.1310e+00	7	4	2	4.5	4.5
1198.3324	5.3655e+01	7	4	2	4.5	3.5
1250.2417	1.5941e+02	7	4	1	5.5	6.5
1221.1090	1.4292e+01	7	4	1	5.5	5.5
1197.5834	1.0604e+02	7	4	1	5.5	4.5
1257.1579	3.1380e+01	7	4	2	5.5	6.5
1224.1672	6.3265e-01	7	4	2	5.5	5.5
1197.3557	2.0645e+01	7	4	2	5.5	4.5
1258.8979	5.7393e+01	7	4	1	6.5	7.5
1224.8614	3.5667e+00	7	4	1	6.5	6.5
1196.8863	3.7885e+01	7	4	1	6.5	5.5
1266.7734	9.7399e+00	7	4	2	6.5	7.5
1228.5940	1.5705e-01	7	4	2	6.5	6.5
1197.0666	6.2964e+00	7	4	2	6.5	5.5
1268.3220	1.6775e+01	7	4	1	7.5	8.5
1229.2658	7.5903e-01	7	4	1	7.5	7.5
1196.7921	1.0873e+01	7	4	1	7.5	6.5
1277.1452	2.4461e+00	7	4	2	7.5	8.5
1233.6951	3.2416e-02	7	4	2	7.5	7.5
1197.4550	1.5436e+00	7	4	2	7.5	6.5
1278.5354	4.0083e+00	7	4	1	8.5	9.5
1234.3390	1.3731e-01	7	4	1	8.5	8.5
1197.3172	2.5345e+00	7	4	1	8.5	7.5
1288.3043	5.0094e-01	7	4	2	8.5	9.5
1239.4841	5.5764e-03	7	4	2	8.5	8.5
1198.5177	3.0717e-01	7	4	2	8.5	7.5
1289.5634	7.9032e-01	7	4	1	9.5	10.5
1240.0987	2.1112e-02	7	4	1	9.5	9.5
1198.4764	4.8625e-01	7	4	1	9.5	8.5
1300.2851	8.4516e-02	7	4	2	9.5	10.5
1245.9789	8.0620e-04	7	4	2	9.5	9.5
1200.2569	5.0290e-02	7	4	2	9.5	8.5
1301.4351	1.2828e-01	7	4	1	10.5	11.5
1246.5647	2.7434e-03	7	4	1	10.5	10.5
1200.2844	7.6425e-02	7	4	1	10.5	9.5
1313.1251	1.1729e-02	7	4	2	10.5	11.5
1253.2006	9.6527e-05	7	4	2	10.5	10.5
1202.6797	6.7430e-03	7	4	2	10.5	9.5
1314.1837	1.7276e-02	7	4	1	11.5	12.5
1253.7593	3.0166e-04	7	4	1	11.5	11.5
1202.7567	9.9425e-03	7	4	1	11.5	10.5
1326.8657	1.3508e-03	7	4	2	11.5	12.5
1261.1740	9.7310e-06	7	4	2	11.5	11.5
1205.7973	7.4870e-04	7	4	2	11.5	10.5
1327.8474	1.9394e-03	7	4	1	12.5	13.5
1261.7077	2.8191e-05	7	4	1	12.5	12.5
1205.9101	1.0756e-03	7	4	1	12.5	11.5
1341.5529	1.2981e-04	7	4	2	12.5	13.5
1269.9275	8.2641e-07	7	4	2	12.5	12.5
1209.6246	6.9223e-05	7	4	2	12.5	11.5
1342.4694	1.8226e-04	7	4	1	13.5	14.5
1270.4385	2.2376e-06	7	4	1	13.5	13.5
1209.7636	9.7247e-05	7	4	1	13.5	12.5
1357.2374	1.0462e-05	7	4	2	13.5	14.5
1279.4935	5.9325e-08	7	4	2	13.5	13.5
1214.1803	5.3575e-06	7	4	2	13.5	12.5
1358.0986	1.4406e-05	7	4	1	14.5	15.5
1279.9839	1.5111e-07	7	4	1	14.5	14.5
1214.3384	7.3793e-06	7	4	1	14.5	13.5
1373.9762	7.1070e-07	7	4	2	14.5	15.5
1289.9086	3.6343e-09	7	4	2	14.5	14.5
1219.4866	3.4886e-07	7	4	2	14.5	13.5
1290.3805	8.7323e-09	7	4	1	15.5	15.5
1219.6588	4.7232e-07	7	4	1	15.5	14.5
1301.2140	1.8851e-10	7	4	2	15.5	15.5
1225.5695	1.9214e-08	7	4	2	15.5	14.5
1298.5646	2.3967e+02	8	5	2	0.5	1.5
1290.3532	1.1888e+02	8	5	2	0.5	0.5
1302.1635	7.6466e+02	8	5	1	1.5	2.5
1290.5711	1.0664e+03	8	5	1	1.5	1.5
1305.2740	3.2622e+02	8	5	2	1.5	2.5
1291.5799	3.8114e+01	8	5	2	1.5	1.5
1283.4564	1.6741e+02	8	5	2	1.5	0.5
1308.5264	9.0260e+02	8	5	1	2.5	3.5
1292.1132	4.2956e+02	8	5	1	2.5	2.5
1280.6983	4.5726e+02	8	5	1	2.5	1.5
1312.7822	2.8918e+02	8	5	2	2.5	3.5
1293.6059	1.6595e+01	8	5	2	2.5	2.5
1280.1543	1.7956e+02	8	5	2	2.5	1.5
1315.6793	7.0190e+02	8	5	1	3.5	4.5
1294.3176	1.6662e+02	8	5	1	3.5	3.5
1278.2567	4.3716e+02	8	5	1	3.5	2.5
1321.0847	1.9132e+02	8	5	2	3.5	4.5
1296.4145	6.9152e+00	8	5	2	3.5	3.5
1277.7099	1.2564e+02	8	5	2	3.5	2.5
1323.6516	4.1642e+02	8	5	1	4.5	5.5
1297.2127	5.8198e+01	8	5	1	4.5	4.5
1276.4418	2.7463e+02	8	5	1	4.5	3.5
1330.1917	9.8847e+01	8	5	2	4.5	5.5
1299.9953	2.5464e+00	8	5	2	4.5	4.5
1276.0993	6.5774e+01	8	5	2	4.5	3.5
1332.4683	1.9679e+02	8	5	1	5.5	6.5
1300.8234	1.7855e+01	8	5	1	5.5	5.5
1275.2798	1.3140e+02	8	5	1	5.5	4.5
1340.1247	4.0793e+01	8	5	2	5.5	6.5
1304.3467	8.0351e-01	8	5	2	5.5	5.5
1275.2995	2.6970e+01	8	5	2	5.5	4.5
1342.1536	7.5492e+01	8	5	1	6.5	7.5
1305.1724	4.7502e+00	8	5	1	6.5	6.5
1274.7959	5.0041e+01	8	5	1	6.5	5.5
1350.9129	1.3636e+01	8	5	2	6.5	7.5
1309.4753	2.1458e-01	8	5	2	6.5	6.5
1275.2943	8.8605e+00	8	5	2	6.5	5.5
1352.7336	2.3759e+01	8	5	1	7.5	8.5
1310.2813	1.0882e+00	8	5	1	7.5	7.5
1275.0125	1.5469e+01	8	5	1	7.5	6.5
1362.5916	3.7282e+00	8	5	2	7.5	8.5
1315.3945	4.8252e-02	8	5	2	7.5	7.5
1276.0755	2.3651e+00	8	5	2	7.5	6.5
1364.2381	6.1789e+00	8	5	1	8.5	9.5
1316.1728	2.1412e-01	8	5	1	8.5	8.5
1275.9502	3.9253e+00	8	5	1	8.5	7.5
1375.2007	8.4024e-01	8	5	2	8.5	9.5
1322.1239	9.1313e-03	8	5	2	8.5	8.5
1277.6428	5.1791e-01	8	5	2	8.5	7.5
1376.7017	1.3344e+00	8	5	1	9.5	10.5
1322.8714	3.6029e-02	8	5	1	9.5	9.5
1277.6285	8.2349e-01	8	5	1	9.5	8.5
1388.7849	1.5702e-01	8	5	2	9.5	10.5
1329.6879	1.4587e-03	8	5	2	9.5	9.5
1280.0026	9.3714e-02	8	5	2	9.5	8.5
1390.1641	2.4081e-01	8	5	1	10.5	11.5
1330.4046	5.1990e-03	8	5	1	10.5	10.5
1280.0678	1.4383e-01	8	5	1	10.5	9.5
1403.3942	2.4503e-02	8	5	2	10.5	11.5
1338.1163	1.9668e-04	8	5	2	10.5	10.5
1283.1675	1.4117e-02	8	5	2	10.5	9.5
1404.6709	3.6456e-02	8	5	1	11.5	12.5
1338.8034	6.4173e-04	8	5	1	11.5	11.5
1283.2899	2.1012e-02	8	5	1	11.5	10.5
1419.0843	3.2084e-03	8	5	2	11.5	12.5
1347.4436	2.2539e-05	8	5	2	11.5	11.5
1287.1551	1.7796e-03	8	5	2	11.5	10.5
1420.2746	4.6502e-03	8	5	1	12.5	13.5
1348.1033	6.7966e-05	8	5	1	12.5	12.5
1287.3193	2.5798e-03	8	5	1	12.5	11.5
1435.9176	3.5437e-04	8	5	2	12.5	13.5
1357.7101	2.1968e-06	8	5	2	12.5	12.5
1291.9887	1.8878e-04	8	5	2	12.5	11.5
1437.0348	5.0209e-04	8	5	1	13.5	14.5
1358.3446	6.1895e-06	8	5	1	13.5	13.5
1292.1834	2.6747e-04	8	5	1	13.5	12.5
1453.9645	3.3191e-05	8	5	2	13.5	14.5
1368.9616	1.8316e-07	8	5	2	13.5	13.5
1297.6965	1.6941e-05	8	5	2	13.5	12.5
1455.0195	4.6102e-05	8	5	1	14.5	15.5
1369.5734	4.8556e-07	8	5	1	14.5	14.5
1297.9138	2.3526e-05	8	5	1	14.5	13.5
1473.3040	2.6501e-06	8	5	2	14.5	15.5
1381.2505	1.3127e-08	8	5	2	14.5	14.5
1304.3122	1.2927e-06	8	5	2	14.5	13.5
1381.8420	3.2861e-08	8	5	1	15.5	15.5
1304.5462	1.7638e-06	8	5	1	15.5	14.5
1394.6368	8.0700e-10	8	5	2	15.5	15.5
1311.8752	8.4320e-08	8	5	2	15.5	14.5
1391.1548	2.3774e+02	9	6	2	0.5	1.5
1382.1960	1.1763e+02	9	6	2	0.5	0.5
1395.1010	7.5794e+02	9	6	1	1.5	2.5
1382.3760	1.0586e+03	9	6	1	1.5	1.5
1398.5895	3.2965e+02	9	6	2	1.5	2.5
1383.6390	3.8168e+01	9	6	2	1.5	1.5
1374.7764	1.6890e+02	9	6	2	1.5	0.5
1402.2226	9.1662e+02	9	6	1	2.5	3.5
1384.2114	4.3779e+02	9	6	1	2.5	2.5
1371.6834	4.6290e+02	9	6	1	2.5	1.5
1406.9796	3.0132e+02	9	6	2	2.5	3.5
1386.0267	1.7007e+01	9	6	2	2.5	2.5
1371.3421	1.8660e+02	9	6	2	2.5	1.5
1410.2697	7.3766e+02	9	6	1	3.5	4.5
1386.8320	1.7606e+02	9	6	1	3.5	3.5
1369.2115	4.5748e+02	9	6	1	3.5	2.5
1416.3235	2.0802e+02	9	6	2	3.5	4.5
1389.3437	7.3481e+00	9	6	2	3.5	3.5
1368.9089	1.3606e+02	9	6	2	3.5	2.5
1419.2812	4.5764e+02	9	6	1	4.5	5.5
1390.2719	6.4394e+01	9	6	1	4.5	4.5
1367.4888	3.0012e+02	9	6	1	4.5	3.5
1426.6356	1.1347e+02	9	6	2	4.5	5.5
1393.5819	2.8433e+00	9	6	2	4.5	4.5
1367.4536	7.5083e+01	9	6	2	4.5	3.5
1429.2924	2.2857e+02	9	6	1	5.5	6.5
1394.5628	2.0885e+01	9	6	1	5.5	5.5
1366.5452	1.5153e+02	9	6	1	5.5	4.5
1437.9438	5.0009e+01	9	6	2	5.5	6.5
1398.7431	9.5522e-01	9	6	2	5.5	5.5
1366.9549	3.2816e+01	9	6	2	5.5	4.5
1440.3381	9.3677e+01	9	6	1	6.5	7.5
1399.7350	5.9349e+00	9	6	1	6.5	6.5
1366.4103	6.1540e+01	9	6	1	6.5	5.5
1450.2863	1.8055e+01	9	6	2	6.5	7.5
1404.8389	2.7460e-01	9	6	2	6.5	6.5
1367.3989	1.1619e+01	9	6	2	6.5	5.5
1452.4565	3.1843e+01	9	6	1	7.5	8.5
1405.8186	1.4680e+00	9	6	1	7.5	7.5
1367.1122	2.0504e+01	9	6	1	7.5	6.5
1463.7094	5.3923e+00	9	6	2	7.5	8.5
1411.8898	6.7388e-02	9	6	2	7.5	7.5
1368.7812	3.3793e+00	9	6	2	7.5	6.5
1465.6902	9.0437e+00	9	6	1	8.5	9.5
1412.8454	3.1488e-01	9	6	1	8.5	8.5
1368.6779	5.6683e+00	9	6	1	8.5	7.5
1478.2668	1.3425e+00	9	6	2	8.5	9.5
1419.9241	1.4068e-02	9	6	2	8.5	8.5
1371.1066	8.1513e-01	9	6	2	8.5	7.5
1480.0885	2.1537e+00	9	6	1	9.5	10.5
1420.8506	5.8319e-02	9	6	1	9.5	9.5
1371.1348	1.3065e+00	9	6	1	9.5	8.5
1494.0194	2.8006e-01	9	6	2	9.5	10.5
1428.9770	2.5037e-03	9	6	2	9.5	9.5
1374.3882	1.6393e-01	9	6	2	9.5	8.5
1495.7078	4.3434e-01	9	6	1	10.5	11.5
1429.8734	9.3770e-03	9	6	1	10.5	10.5
1374.5116	2.5412e-01	9	6	1	10.5	9.5
1511.0359	4.9411e-02	9	6	2	10.5	11.5
1439.0911	3.8197e-04	9	6	2	10.5	10.5
1378.6467	2.7805e-02	9	6	2	10.5	9.5
1512.6127	7.4305e-02	9	6	1	11.5	12.5
1439.9584	1.3060e-03	9	6	1	11.5	11.5
1378.8399	4.1785e-02	9	6	1	11.5	10.5
1529.3936	7.3976e-03	9	6	2	11.5	12.5
1450.3158	4.9863e-05	9	6	2	11.5	11.5
1383.9099	3.9890e-03	9	6	2	11.5	10.5
1530.8772	1.0832e-02	9	6	1	12.5	13.5
1451.1563	1.5767e-04	9	6	1	12.5	12.5
1384.1551	5.8362e-03	9	6	1	12.5	11.5
1549.1797	9.4486e-04	9	6	2	12.5	13.5
1462.7082	5.6186e-06	9	6	2	12.5	12.5
1390.2126	4.8668e-04	9	6	2	12.5	11.5
1550.5857	1.3520e-03	9	6	1	13.5	14.5
1463.5249	1.6549e-05	9	6	1	13.5	13.5
1390.4971	6.9561e-04	9	6	1	13.5	12.5
1570.4925	1.0352e-04	9	6	2	13.5	14.5
1476.3337	5.4579e-07	9	6	2	13.5	13.5
1397.5965	5.0757e-05	9	6	2	13.5	12.5
1571.8344	1.4516e-04	9	6	1	14.5	15.5
1477.1299	1.5116e-06	9	6	1	14.5	14.5
1397.9116	7.1082e-05	9	6	1	14.5	13.5
1593.4436	9.7809e-06	9	6	2	14.5	15.5
1491.2672	4.6119e-08	9	6	2	14.5	14.5
1406.1111	4.5480e-06	9	6	2	14.5	13.5
1492.0462	1.2064e-07	9	6	1	15.5	15.5
1406.4506	6.2561e-06	9	6	1	15.5	14.5
1507.5938	3.3954e-09	9	6	2	15.5	15.5
1415.8137	3.5192e-07	9	6	2	15.5	14.5
755.9573	2.5344e+00	4	0	2	0.5	1.5
752.4731	1.2477e+00	4	0	2	0.5	0.5
757.3830	8.0746e+00	4	0	1	1.5	2.5
752.6066	1.0832e+01	4	0	1	1.5	1.5
758.8182	3.2321e+00	4	0	2	1.5	2.5
753.0306	3.7708e-01	4	0	2	1.5	1.5
749.5733	1.5622e+00	4	0	2	1.5	0.5
760.0535	8.6264e+00	4	0	1	2.5	3.5
753.2787	3.8731e+00	4	0	1	2.5	2.5
748.5537	4.0491e+00	4	0	1	2.5	1.5
762.0147	2.5392e+00	4	0	2	2.5	3.5
753.9450	1.3134e-01	4	0	2	2.5	2.5
748.2313	1.4447e+00	4	0	2	2.5	1.5
763.0724	5.8885e+00	4	0	1	3.5	4.5
754.2457	1.2457e+00	4	0	1	3.5	3.5
747.5736	3.3972e+00	4	0	1	3.5	2.5
765.5420	1.4198e+00	4	0	2	3.5	4.5
755.2034	4.9818e-02	4	0	2	3.5	3.5
747.2765	8.2200e-01	4	0	2	3.5	2.5
766.4471	2.9785e+00	4	0	1	4.5	5.5
755.5205	3.8610e-01	4	0	1	4.5	4.5
746.8667	1.7099e+00	4	0	1	4.5	3.5
769.4028	5.8862e-01	4	0	2	4.5	5.5
756.7977	1.0511e-02	4	0	2	4.5	4.5
746.6924	3.3636e-01	4	0	2	4.5	3.5
770.1823	1.1233e+00	4	0	1	5.5	6.5
757.1119	8.3206e-02	4	0	1	5.5	5.5
746.4480	6.4485e-01	4	0	1	5.5	4.5
773.6046	1.8605e-01	4	0	2	5.5	6.5
758.7247	3.3827e-03	4	0	2	5.5	5.5
746.4642	1.0148e-01	4	0	2	5.5	4.5
774.2823	3.3202e-01	4	0	1	6.5	7.5
759.0270	1.8445e-02	4	0	1	6.5	6.5
746.3293	1.7830e-01	4	0	1	6.5	5.5
778.1565	4.5577e-02	4	0	2	6.5	7.5
760.9847	8.4402e-04	4	0	2	6.5	6.5
746.5818	2.3633e-02	4	0	2	6.5	5.5
778.7520	7.6085e-02	4	0	1	7.5	8.5
761.2714	2.8711e-03	4	0	1	7.5	7.5
746.5196	3.8760e-02	4	0	1	7.5	6.5
783.0688	8.7514e-03	4	0	2	7.5	8.5
763.5804	1.6512e-04	4	0	2	7.5	7.5
747.0390	4.1280e-03	4	0	2	7.5	6.5
783.5975	1.3849e-02	4	0	1	8.5	9.5
763.8508	5.3265e-04	4	0	1	8.5	8.5
747.0256	6.6581e-03	4	0	1	8.5	7.5
788.3521	1.3026e-03	4	0	2	8.5	9.5
766.5163	2.5542e-05	4	0	2	8.5	8.5
747.8332	5.6192e-04	4	0	2	8.5	7.5
788.8264	1.6570e-03	4	0	1	9.5	10.5
766.7708	3.9453e-05	4	0	1	9.5	9.5
747.8528	6.3124e-04	4	0	1	9.5	8.5
794.0178	1.2896e-04	4	0	2	9.5	10.5
748.9645	4.4036e-05	4	0	2	9.5	8.5
794.4471	1.9219e-04	4	0	1	10.5	11.5
770.0379	4.6875e-06	4	0	1	10.5	10.5
749.0065	6.5626e-05	4	0	1	10.5	9.5
800.0777	1.2409e-05	4	0	2	10.5	11.5
750.4344	3.7226e-06	4	0	2	10.5	9.5
800.4698	1.7496e-05	4	0	1	11.5	12.5
773.6590	4.4862e-07	4	0	1	11.5	11.5
750.4919	4.9348e-06	4	0	1	11.5	10.5
806.5446	9.3619e-07	4	0	2	11.5	12.5
752.2461	2.2173e-07	4	0	2	11.5	10.5
806.9054	1.3198e-06	4	0	1	12.5	13.5
752.3142	3.1258e-07	4	0	1	12.5	11.5
813.4322	5.8598e-08	4	0	2	12.5	13.5
754.4040	1.1086e-08	4	0	2	12.5	11.5
813.7667	7.8634e-08	4	0	1	13.5	14.5
754.4795	1.5290e-08	4	0	1	13.5	12.5
820.7553	2.8989e-09	4	0	2	13.5	14.5
756.9135	4.9696e-10	4	0	2	13.5	12.5
821.0673	3.9232e-09	4	0	1	14.5	15.5
756.9940	6.7254e-10	4	0	1	14.5	13.5
828.5296	1.2042e-10	4	0	2	14.5	15.5
759.7809	1.4167e-11	4	0	2	14.5	13.5
759.8648	1.8859e-11	4	0	1	15.5	14.5
763.0136	3.7341e-13	4	0	2	15.5	14.5
795.1391	6.0420e+00	5	1	2	0.5	1.5
791.4428	2.9387e+00	5	1	2	0.5	0.5
796.6841	1.9315e+01	5	1	1	1.5	2.5
791.5885	2.5992e+01	5	1	1	1.5	1.5
798.1963	7.8986e+00	5	1	2	1.5	2.5
792.0527	9.2536e-01	5	1	2	1.5	1.5
788.3851	3.8336e+00	5	1	2	1.5	0.5
799.5531	2.1666e+01	5	1	1	2.5	3.5
792.3298	9.6898e+00	5	1	1	2.5	2.5
787.2896	1.0125e+01	5	1	1	2.5	1.5
801.6263	6.5213e+00	5	1	2	2.5	3.5
793.0545	3.8686e-01	5	1	2	2.5	2.5
786.9895	3.7028e+00	5	1	2	2.5	1.5
802.8017	1.5450e+01	5	1	1	3.5	4.5
793.3950	3.3933e+00	5	1	1	3.5	3.5
786.2821	8.7360e+00	5	1	1	3.5	2.5
805.4234	3.8586e+00	5	1	2	3.5	4.5
794.4351	1.4715e-01	5	1	2	3.5	3.5
786.0155	2.2563e+00	5	1	2	3.5	2.5
806.4395	8.1614e+00	5	1	1	4.5	5.5
794.7977	1.0614e+00	5	1	1	4.5	4.5
785.5765	4.7578e+00	5	1	1	4.5	3.5
809.5905	1.7327e+00	5	1	2	4.5	5.5
796.1863	4.3498e-02	5	1	2	4.5	4.5
785.4469	9.9321e-01	5	1	2	4.5	3.5
810.4728	3.3360e+00	5	1	1	5.5	6.5
796.5484	2.7558e-01	5	1	1	5.5	5.5
785.1884	1.9146e+00	5	1	1	5.5	4.5
814.1351	5.9933e-01	5	1	2	5.5	6.5
798.3047	1.2383e-02	5	1	2	5.5	5.5
785.2686	3.3186e-01	5	1	2	5.5	4.5
814.9075	1.0737e+00	5	1	1	6.5	7.5
798.6553	5.9143e-02	5	1	1	6.5	6.5
785.1306	5.9598e-01	5	1	1	6.5	5.5
819.0674	1.6299e-01	5	1	2	6.5	7.5
800.7909	2.6502e-03	5	1	2	6.5	6.5
785.4703	8.6132e-02	5	1	2	6.5	5.5
819.7500	2.7435e-01	5	1	1	7.5	8.5
801.1252	1.1384e-02	5	1	1	7.5	7.5
785.4128	1.4457e-01	5	1	1	7.5	6.5
824.3989	3.4951e-02	5	1	2	7.5	8.5
803.6484	4.2109e-04	5	1	2	7.5	7.5
786.0461	1.7546e-02	5	1	2	7.5	6.5
825.0081	5.6229e-02	5	1	1	8.5	9.5
803.9651	1.8286e-03	5	1	1	8.5	8.5
786.0428	2.8115e-02	5	1	1	8.5	7.5
830.1421	6.0076e-03	5	1	2	8.5	9.5
806.8827	7.1237e-05	5	1	2	8.5	8.5
786.9939	2.8495e-03	5	1	2	8.5	7.5
830.6910	9.3267e-03	5	1	1	9.5	10.5
807.1819	2.2206e-04	5	1	1	9.5	9.5
787.0273	4.4413e-03	5	1	1	9.5	8.5
836.3103	8.3325e-04	5	1	2	9.5	10.5
810.5007	6.4593e-06	5	1	2	9.5	9.5
788.3142	3.7464e-04	5	1	2	9.5	8.5
836.8093	1.2427e-03	5	1	1	10.5	11.5
810.7836	2.4271e-05	5	1	1	10.5	10.5
788.3727	5.5824e-04	5	1	1	10.5	9.5
842.9177	9.2725e-05	5	1	2	10.5	11.5
814.5108	7.1054e-07	5	1	2	10.5	10.5
790.0095	3.9080e-05	5	1	2	10.5	9.5
843.3751	1.3414e-04	5	1	1	11.5	12.5
814.7788	2.0716e-06	5	1	1	11.5	11.5
790.0853	5.6452e-05	5	1	1	11.5	10.5
849.9798	8.3899e-06	5	1	2	11.5	12.5
818.9227	6.3560e-08	5	1	2	11.5	11.5
792.0844	3.3051e-06	5	1	2	11.5	10.5
850.4024	1.1827e-05	5	1	1	12.5	13.5
819.1772	1.3542e-07	5	1	1	12.5	12.5
792.1720	4.6947e-06	5	1	1	12.5	11.5
857.5133	6.1811e-07	5	1	2	12.5	13.5
823.7471	4.6475e-09	5	1	2	12.5	12.5
794.5445	2.3005e-07	5	1	2	12.5	11.5
857.9065	8.5539e-07	5	1	1	13.5	14.5
823.9895	9.6837e-09	5	1	1	13.5	13.5
794.6404	3.1633e-07	5	1	1	13.5	12.5
865.5363	3.7411e-08	5	1	2	13.5	14.5
828.9962	2.7918e-10	5	1	2	13.5	13.5
797.3971	1.2982e-08	5	1	2	13.5	12.5
865.9046	5.0783e-08	5	1	1	14.5	15.5
829.2279	5.7060e-10	5	1	1	14.5	14.5
797.4988	1.7498e-08	5	1	1	14.5	13.5
874.0686	1.8695e-09	5	1	2	14.5	15.5
834.6834	6.9242e-12	5	1	2	14.5	14.5
800.6507	6.0241e-10	5	1	2	14.5	13.5
834.9058	1.8554e-11	5	1	1	15.5	15.5
800.7563	8.0708e-10	5	1	1	15.5	14.5
840.8237	2.8505e-13	5	1	2	15.5	15.5
804.3149	2.3374e-11	5	1	2	15.5	14.5
838.4695	1.2211e+01	6	2	2	0.5	1.5
834.5326	6.0111e+00	6	2	2	0.5	0.5
840.1478	3.9099e+01	6	2	1	1.5	2.5
834.6896	5.3364e+01	6	2	1	1.5	1.5
841.7543	1.6178e+01	6	2	2	1.5	2.5
835.2067	1.8899e+00	6	2	2	1.5	1.5
831.3004	8.0372e+00	6	2	2	1.5	0.5
843.2491	4.4413e+01	6	2	1	2.5	3.5
835.5162	2.0413e+01	6	2	1	2.5	2.5
830.1178	2.1586e+01	6	2	1	2.5	1.5
845.4572	1.3615e+01	6	2	2	2.5	3.5
836.3156	7.8619e-01	6	2	2	2.5	2.5
829.8520	8.0406e+00	6	2	2	2.5	1.5
846.7685	3.2543e+01	6	2	1	3.5	4.5
836.7020	7.4046e+00	6	2	1	3.5	3.5
829.0881	1.9195e+01	6	2	1	3.5	2.5
849.5723	8.3577e+00	6	2	2	3.5	4.5
837.8462	3.0792e-01	6	2	2	3.5	3.5
828.8676	5.1356e+00	6	2	2	3.5	2.5
850.7178	1.7847e+01	6	2	1	4.5	5.5
838.2623	2.3647e+00	6	2	1	4.5	4.5
828.3959	1.0977e+01	6	2	1	4.5	3.5
854.1023	3.9160e+00	6	2	2	4.5	5.5
839.7901	1.0251e-01	6	2	2	4.5	4.5
828.3306	2.3988e+00	6	2	2	4.5	3.5
855.1057	7.6334e+00	6	2	1	5.5	6.5
840.2092	6.5340e-01	6	2	1	5.5	5.5
828.0574	4.6775e+00	6	2	1	5.5	4.5
859.0554	1.4319e+00	6	2	2	5.5	6.5
842.1439	2.9754e-02	6	2	2	5.5	5.5
828.2264	8.5915e-01	6	2	2	5.5	4.5
859.9401	2.5941e+00	6	2	1	6.5	7.5
842.5524	1.5198e-01	6	2	1	6.5	6.5
828.0864	1.5544e+00	6	2	1	6.5	5.5
864.4433	4.1528e-01	6	2	2	6.5	7.5
844.9091	6.9391e-03	6	2	2	6.5	6.5
828.5447	2.4073e-01	6	2	2	6.5	5.5
865.2297	7.0721e-01	6	2	1	7.5	8.5
845.3005	3.0587e-02	6	2	1	7.5	7.5
828.4940	4.1061e-01	6	2	1	7.5	6.5
870.2791	9.6206e-02	6	2	2	7.5	8.5
848.0899	1.2256e-03	6	2	2	7.5	7.5
829.2798	5.3679e-02	6	2	2	7.5	6.5
870.9843	1.5623e-01	6	2	1	8.5	9.5
848.4621	5.0397e-03	6	2	1	8.5	8.5
829.2893	8.7086e-02	6	2	1	8.5	7.5
876.5777	1.7998e-02	6	2	2	8.5	9.5
851.6933	2.0427e-04	6	2	2	8.5	8.5
830.4302	9.6233e-03	6	2	2	8.5	7.5
877.2157	2.8070e-02	6	2	1	9.5	10.5
852.0461	7.1424e-04	6	2	1	9.5	9.5
830.4805	1.4999e-02	6	2	1	9.5	8.5
883.3553	2.7341e-03	6	2	2	9.5	10.5
855.7283	2.7307e-05	6	2	2	9.5	9.5
831.9975	1.3961e-03	6	2	2	9.5	8.5
883.9372	4.1099e-03	6	2	1	10.5	11.5
856.0625	8.2820e-05	6	2	1	10.5	10.5
832.0756	2.1015e-03	6	2	1	10.5	9.5
890.6294	3.3843e-04	6	2	2	10.5	11.5
860.2053	2.9356e-06	6	2	2	10.5	10.5
833.9858	1.6481e-04	6	2	2	10.5	9.5
891.1642	4.9441e-04	6	2	1	11.5	12.5
860.5223	8.0142e-06	6	2	1	11.5	11.5
834.0827	2.4043e-04	6	2	1	11.5	10.5
898.4191	3.4406e-05	6	2	2	11.5	12.5
865.1366	2.5392e-07	6	2	2	11.5	11.5
836.4011	1.5912e-05	6	2	2	11.5	10.5
898.9142	4.8952e-05	6	2	1	12.5	13.5
865.4379	6.6643e-07	6	2	1	12.5	12.5
836.5109	2.2659e-05	6	2	1	12.5	11.5
906.7453	2.8809e-06	6	2	2	12.5	13.5
870.5361	1.7631e-08	6	2	2	12.5	12.5
839.2515	1.2659e-06	6	2	2	12.5	11.5
907.2067	4.0115e-06	6	2	1	13.5	14.5
870.8233	4.9342e-08	6	2	1	13.5	13.5
839.3700	1.7615e-06	6	2	1	13.5	12.5
915.6310	1.9993e-07	6	2	2	13.5	14.5
876.4196	1.2191e-09	6	2	2	13.5	13.5
842.5467	8.3143e-08	6	2	2	13.5	12.5
916.0636	2.7329e-07	6	2	1	14.5	15.5
876.6939	2.6760e-09	6	2	1	14.5	14.5
842.6709	1.1373e-07	6	2	1	14.5	13.5
925.1016	1.1559e-08	6	2	2	14.5	15.5
882.8045	5.6249e-11	6	2	2	14.5	14.5
846.2981	4.5421e-09	6	2	2	14.5	13.5
883.0674	1.3273e-10	6	2	1	15.5	15.5
846.4261	6.1055e-09	6	2	1	15.5	14.5
889.7103	2.7198e-12	6	2	2	15.5	15.5
850.5190	2.0806e-10	6	2	2	15.5	14.5
887.0018	1.7669e+01	7	3	2	0.5	1.5
882.7871	8.7242e+00	7	3	2	0.5	0.5
888.8289	5.6515e+01	7	3	1	1.5	2.5
882.9520	7.7808e+01	7	3	1	1.5	1.5
890.5559	2.3702e+01	7	3	2	1.5	2.5
883.5420	2.7673e+00	7	3	2	1.5	1.5
879.3600	1.1938e+01	7	3	2	1.5	0.5
892.2084	6.5363e+01	7	3	1	2.5	3.5
883.8864	3.0512e+01	7	3	1	2.5	2.5
878.0744	3.2346e+01	7	3	1	2.5	1.5
894.5850	2.0447e+01	7	3	2	2.5	3.5
884.7856	1.1840e+00	7	3	2	2.5	2.5
877.8619	1.2337e+01	7	3	2	2.5	1.5
896.0543	4.9287e+01	7	3	1	3.5	4.5
885.2248	1.1398e+01	7	3	1	3.5	3.5
877.0320	2.9711e+01	7	3	1	3.5	2.5
899.0833	1.3007e+01	7	3	2	3.5	4.5
886.5050	4.7781e-01	7	3	2	3.5	3.5
876.8808	8.2214e+00	7	3	2	3.5	2.5
900.3817	2.8043e+01	7	3	1	4.5	5.5
886.9847	3.8028e+00	7	3	1	4.5	4.5
876.3720	1.7746e+01	7	3	1	4.5	3.5
904.0538	6.3856e+00	7	3	2	4.5	5.5
888.6918	1.6736e-01	7	3	2	4.5	4.5
876.4005	4.0501e+00	7	3	2	4.5	3.5
905.2023	1.2571e+01	7	3	1	5.5	6.5
889.1800	1.1041e+00	7	3	1	5.5	5.5
876.1118	7.9799e+00	7	3	1	5.5	4.5
909.5058	2.4732e+00	7	3	2	5.5	6.5
891.3430	5.0211e-02	7	3	2	5.5	5.5
876.4064	1.5436e+00	7	3	2	5.5	4.5
910.5267	4.5237e+00	7	3	1	6.5	7.5
891.8228	2.7498e-01	7	3	1	6.5	6.5
876.2666	2.8253e+00	7	3	1	6.5	5.5
915.4528	7.6665e-01	7	3	2	6.5	7.5
894.4610	1.2387e-02	7	3	2	6.5	6.5
876.8884	4.6583e-01	7	3	2	6.5	5.5
916.3667	1.3207e+00	7	3	1	7.5	8.5
894.9239	5.8267e-02	7	3	1	7.5	7.5
876.8491	8.0331e-01	7	3	1	7.5	6.5
921.9107	1.9218e-01	7	3	2	7.5	8.5
898.0518	2.5359e-03	7	3	2	7.5	7.5
877.8417	1.1301e-01	7	3	2	7.5	6.5
922.7354	3.1496e-01	7	3	1	8.5	9.5
898.4943	1.0633e-02	7	3	1	8.5	8.5
877.8704	1.8516e-01	7	3	1	8.5	7.5
928.8978	3.9259e-02	7	3	2	8.5	9.5
902.1243	4.4790e-04	7	3	2	8.5	8.5
879.2658	2.2238e-02	7	3	2	8.5	7.5
929.6478	6.1733e-02	7	3	1	9.5	10.5
902.5459	1.6377e-03	7	3	1	9.5	9.5
879.3407	3.5032e-02	7	3	1	9.5	8.5
936.4341	6.5765e-03	7	3	2	9.5	10.5
906.6903	6.3451e-05	7	3	2	9.5	9.5
881.1641	3.5831e-03	7	3	2	9.5	8.5
937.1216	9.9790e-03	7	3	1	10.5	11.5
907.0915	2.1147e-04	7	3	1	10.5	10.5
881.2705	5.4353e-03	7	3	1	10.5	9.5
944.5418	9.0828e-04	7	3	2	10.5	11.5
911.7636	7.7016e-06	7	3	2	10.5	10.5
883.5427	4.7391e-04	7	3	2	10.5	9.5
945.1766	1.3377e-03	7	3	1	11.5	12.5
912.1457	2.2853e-05	7	3	1	11.5	11.5
883.6707	6.9777e-04	7	3	1	11.5	10.5
953.2454	1.0405e-04	7	3	2	11.5	12.5
917.3602	7.6206e-07	7	3	2	11.5	11.5
886.4105	5.1879e-05	7	3	2	11.5	10.5
953.8357	1.4933e-04	7	3	1	12.5	13.5
917.7248	2.2011e-06	7	3	1	12.5	12.5
886.5531	7.4498e-05	7	3	1	12.5	11.5
962.5720	9.9337e-06	7	3	2	12.5	13.5
923.4987	6.7006e-08	7	3	2	12.5	12.5
889.7786	4.7295e-06	7	3	2	12.5	11.5
963.1243	1.3945e-05	7	3	1	13.5	14.5
923.8474	1.7333e-07	7	3	1	13.5	13.5
889.9311	6.6339e-06	7	3	1	13.5	12.5
972.5515	7.9531e-07	7	3	2	13.5	14.5
930.1999	4.4605e-09	7	3	2	13.5	13.5
893.6607	3.6086e-07	7	3	2	13.5	12.5
973.0715	1.0948e-06	7	3	1	14.5	15.5
930.5343	1.1719e-08	7	3	1	14.5	14.5
893.8198	4.9652e-07	7	3	1	14.5	13.5
983.2174	5.3613e-08	7	3	2	14.5	15.5
937.4873	2.7032e-10	7	3	2	14.5	14.5
898.0726	2.3157e-08	7	3	2	14.5	13.5
937.8088	6.5288e-10	7	3	1	15.5	15.5
898.2361	3.1297e-08	7	3	1	15.5	14.5
945.3873	1.5423e-11	7	3	2	15.5	15.5
903.0327	1.2562e-09	7	3	2	15.5	14.5
942.2313	2.2319e+01	8	4	2	0.5	1.5
937.6890	1.1052e+01	8	4	2	0.5	0.5
944.2240	7.1289e+01	8	4	1	1.5	2.5
937.8533	9.9031e+01	8	4	1	1.5	1.5
946.1123	3.0417e+01	8	4	2	1.5	2.5
938.5485	3.5531e+00	8	4	2	1.5	1.5
934.0416	1.5491e+01	8	4	2	1.5	0.5
947.9454	8.4229e+01	8	4	1	2.5	3.5
938.9283	3.9856e+01	8	4	1	2.5	2.5
932.6287	4.2263e+01	8	4	1	2.5	1.5
950.5422	2.6987e+01	8	4	2	2.5	3.5
939.9669	1.5525e+00	8	4	2	2.5	2.5
932.5007	1.6562e+01	8	4	2	2.5	1.5
952.1966	6.5551e+01	8	4	1	3.5	4.5
940.4661	1.5450e+01	8	4	1	3.5	3.5
931.5901	4.0284e+01	8	4	1	3.5	2.5
955.5155	1.7862e+01	8	4	2	3.5	4.5
941.9314	6.4964e-01	8	4	2	3.5	3.5
931.5458	1.1549e+01	8	4	2	3.5	2.5
956.9963	3.8898e+01	8	4	1	4.5	5.5
942.4864	5.3970e+00	8	4	1	4.5	4.5
930.9925	2.5207e+01	8	4	1	4.5	3.5
961.0362	9.2314e+00	8	4	2	4.5	5.5
944.4339	2.4133e-01	8	4	2	4.5	4.5
931.1608	6.0193e+00	8	4	2	4.5	3.5
962.3604	1.8384e+01	8	4	1	5.5	6.5
945.0062	1.6556e+00	8	4	1	5.5	5.5
930.8549	1.2015e+01	8	4	1	5.5	4.5
967.1155	3.8090e+00	8	4	2	5.5	6.5
947.4726	7.6362e-02	8	4	2	5.5	5.5
931.3317	2.4584e+00	8	4	2	5.5	4.5
968.3036	7.0483e+00	8	4	1	6.5	7.5
948.0405	4.4011e-01	8	4	1	6.5	6.5
931.1944	4.5572e+00	8	4	1	6.5	5.5
973.7698	1.2723e+00	8	4	2	6.5	7.5
951.0512	2.0436e-02	8	4	2	6.5	6.5
932.0490	8.0419e-01	8	4	2	6.5	5.5
974.8420	2.2168e+00	8	4	1	7.5	8.5
951.6037	1.0156e-01	8	4	1	7.5	7.5
932.0265	1.4030e+00	8	4	1	7.5	6.5
981.0192	3.4752e-01	8	4	2	7.5	8.5
955.1785	4.6199e-03	8	4	2	7.5	7.5
933.3093	2.1385e-01	8	4	2	7.5	6.5
981.9935	5.7588e-01	8	4	1	8.5	9.5
955.7105	2.0031e-02	8	4	1	8.5	8.5
933.3649	3.5468e-01	8	4	1	8.5	7.5
988.8868	7.8236e-02	8	4	2	8.5	9.5
959.8668	8.7183e-04	8	4	2	8.5	8.5
935.1143	4.6666e-02	8	4	2	8.5	7.5
989.7785	1.2464e-01	8	4	1	9.5	10.5
960.3766	3.3927e-03	8	4	1	9.5	9.5
935.2231	7.4565e-02	8	4	1	9.5	8.5
997.3988	1.4655e-02	8	4	2	9.5	10.5
965.1320	1.4034e-04	8	4	2	9.5	9.5
937.4700	8.4757e-03	8	4	2	9.5	8.5
998.2210	2.2474e-02	8	4	1	10.5	11.5
965.6198	4.9358e-04	8	4	1	10.5	10.5
937.6153	1.3004e-02	8	4	1	10.5	9.5
1006.5846	2.2852e-03	8	4	2	10.5	11.5
970.9932	1.9076e-05	8	4	2	10.5	10.5
940.3861	1.2755e-03	8	4	2	10.5	9.5
1007.3480	3.3989e-03	8	4	1	11.5	12.5
971.4602	6.1117e-05	8	4	1	11.5	11.5
940.5565	1.8976e-03	8	4	1	11.5	10.5
1016.4769	2.9898e-04	8	4	2	11.5	12.5
977.4728	2.2197e-06	8	4	2	11.5	11.5
943.8760	1.6085e-04	8	4	2	11.5	10.5
1017.1905	4.3319e-04	8	4	1	12.5	13.5
977.9205	6.4729e-06	8	4	1	12.5	12.5
944.0636	2.3315e-04	8	4	1	12.5	11.5
1027.1127	3.2999e-05	8	4	2	12.5	13.5
984.5963	2.1500e-07	8	4	2	12.5	12.5
947.9564	1.7098e-05	8	4	2	12.5	11.5
1027.7839	4.6748e-05	8	4	1	13.5	14.5
985.0266	5.9899e-07	8	4	1	13.5	13.5
948.1557	2.4226e-05	8	4	1	13.5	12.5
1038.5333	3.0903e-06	8	4	2	13.5	14.5
992.3934	1.8229e-08	8	4	2	13.5	13.5
952.6472	1.5417e-06	8	4	2	13.5	12.5
1039.1684	4.2925e-06	8	4	1	14.5	15.5
992.8079	4.7224e-08	8	4	1	14.5	14.5
952.8546	2.1408e-06	8	4	1	14.5	13.5
1050.7853	2.4695e-07	8	4	2	14.5	15.5
1000.8975	1.3059e-09	8	4	2	14.5	14.5
957.9720	1.1849e-07	8	4	2	14.5	13.5
1001.2980	3.2955e-09	8	4	1	15.5	15.5
958.1849	1.6167e-07	8	4	1	15.5	14.5
1010.1467	8.3966e-11	8	4	2	15.5	15.5
963.9582	7.8088e-09	8	4	2	15.5	14.5
1006.3473	2.8419e+01	9	5	2	0.5	1.5
1001.4087	1.4119e+01	9	5	2	0.5	0.5
1008.5231	9.0521e+01	9	5	1	1.5	2.5
1001.5555	1.2696e+02	9	5	1	1.5	1.5
1010.6374	3.9365e+01	9	5	2	1.5	2.5
1002.4084	4.6004e+00	9	5	2	1.5	1.5
997.5083	2.0332e+01	9	5	2	1.5	0.5
1012.6784	1.0940e+02	9	5	1	2.5	3.5
1002.8200	5.2547e+01	9	5	1	2.5	2.5
995.9307	5.5863e+01	9	5	1	2.5	1.5
1015.5756	3.5971e+01	9	5	2	2.5	3.5
1004.0611	2.0635e+00	9	5	2	2.5	2.5
995.9384	2.2542e+01	9	5	2	2.5	1.5
1017.4488	8.8045e+01	9	5	1	3.5	4.5
1004.6266	2.1172e+01	9	5	1	3.5	3.5
994.9236	5.5387e+01	9	5	1	3.5	2.5
1021.1577	2.4845e+01	9	5	2	3.5	4.5
1006.3549	8.9849e-01	9	5	2	3.5	3.5
995.0474	1.6509e+01	9	5	2	3.5	2.5
1022.8586	5.4655e+01	9	5	1	4.5	5.5
1006.9986	7.7712e+00	9	5	1	4.5	4.5
994.4369	3.6485e+01	9	5	1	4.5	3.5
1027.3898	1.3566e+01	9	5	2	4.5	5.5
1009.2827	3.4955e-01	9	5	2	4.5	4.5
994.8198	9.1586e+00	9	5	2	4.5	3.5
1028.9296	2.7330e+01	9	5	1	5.5	6.5
1009.9574	2.5313e+00	9	5	1	5.5	5.5
994.4919	1.8520e+01	9	5	1	5.5	4.5
1034.2865	5.9876e+00	9	5	2	5.5	6.5
1012.8447	1.1882e-01	9	5	2	5.5	5.5
995.2424	4.0286e+00	9	5	2	5.5	4.5
1035.6826	1.1219e+01	9	5	1	6.5	7.5
1013.5226	7.2451e-01	9	5	1	6.5	6.5
995.1092	7.5695e+00	9	5	1	6.5	5.5
1041.8691	2.1666e+00	9	5	2	6.5	7.5
1017.0477	3.4576e-02	9	5	2	6.5	6.5
996.3076	1.4381e+00	9	5	2	6.5	5.5
1043.1405	3.8215e+00	9	5	1	7.5	8.5
1017.7136	1.8063e-01	9	5	1	7.5	7.5
996.3079	2.5420e+00	9	5	1	7.5	6.5
1050.1638	6.4880e-01	9	5	2	7.5	8.5
1021.9045	8.5604e-03	9	5	2	7.5	7.5
998.0144	4.2234e-01	9	5	2	7.5	6.5
1051.3284	1.0883e+00	9	5	1	8.5	9.5
1022.5510	3.9148e-02	9	5	1	8.5	8.5
998.1062	7.0975e-01	9	5	1	8.5	7.5
1059.2014	1.6208e-01	9	5	2	8.5	9.5
1027.4327	1.7954e-03	9	5	2	8.5	8.5
1000.3678	1.0308e-01	9	5	2	8.5	7.5
1060.2752	2.5932e-01	9	5	1	9.5	10.5
1028.0567	7.3199e-03	9	5	1	9.5	9.5
1000.5225	1.6464e-01	9	5	1	9.5	8.5
1069.0172	3.3868e-02	9	5	2	9.5	10.5
1033.6548	3.2124e-04	9	5	2	9.5	9.5
1003.3782	2.0922e-02	9	5	2	9.5	8.5
1070.0140	5.2543e-02	9	5	1	10.5	11.5
1034.2559	1.1891e-03	9	5	1	10.5	10.5
1003.5764	3.2496e-02	9	5	1	10.5	9.5
1079.6509	6.0098e-03	9	5	2	10.5	11.5
1040.5975	4.9977e-05	9	5	2	10.5	10.5
1007.0608	3.6109e-03	9	5	2	10.5	9.5
1080.5825	9.0396e-03	9	5	1	11.5	12.5
1041.1765	1.6900e-04	9	5	1	11.5	11.5
1007.2893	5.4365e-03	9	5	1	11.5	10.5
1091.1475	9.0575e-04	9	5	2	11.5	12.5
1048.2920	6.6307e-06	9	5	2	11.5	11.5
1011.4356	5.2886e-04	9	5	2	11.5	10.5
1092.0238	1.3266e-03	9	5	1	12.5	13.5
1048.8505	2.0710e-05	9	5	1	12.5	12.5
1011.6851	7.7527e-04	9	5	1	12.5	11.5
1103.5575	1.1661e-04	9	5	2	12.5	13.5
1056.7743	7.5699e-07	9	5	2	12.5	12.5
1016.5266	6.6111e-05	9	5	2	12.5	11.5
1104.3869	1.6689e-04	9	5	1	13.5	14.5
1057.3143	2.2259e-06	9	5	1	13.5	13.5
1016.7910	9.4697e-05	9	5	1	13.5	12.5
1116.9377	1.2896e-05	9	5	2	13.5	14.5
1066.0855	7.6923e-08	9	5	2	13.5	13.5
1022.3626	7.0953e-06	9	5	2	13.5	12.5
1117.7276	1.8088e-05	9	5	1	14.5	15.5
1066.6090	2.0636e-07	9	5	1	14.5	14.5
1022.6376	9.9596e-06	9	5	1	14.5	13.5
1131.3526	1.2321e-06	9	5	2	14.5	15.5
1076.2724	6.5392e-09	9	5	2	14.5	14.5
1028.9773	6.5771e-07	9	5	2	14.5	13.5
1076.7815	1.6895e-08	9	5	1	15.5	15.5
1029.2600	9.0685e-07	9	5	1	15.5	14.5
1087.3883	5.0510e-10	9	5	2	15.5	15.5
1036.4093	5.2966e-08	9	5	2	15.5	14.5
619.4650	7.2881e-01	5	0	2	0.5	1.5
617.1235	3.7616e-01	5	0	2	0.5	0.5
620.4436	2.3846e+00	5	0	1	1.5	2.5
617.2346	3.2192e+00	5	0	1	1.5	1.5
621.4777	9.2536e-01	5	0	2	1.5	2.5
617.5902	9.9146e-02	5	0	2	1.5	1.5
615.2628	4.6268e-01	5	0	2	1.5	0.5
622.3492	2.5041e+00	5	0	1	2.5	3.5
617.7996	1.1976e+00	5	0	1	2.5	2.5
614.6177	1.3065e+00	5	0	1	2.5	1.5
623.7739	7.4609e-01	5	0	2	2.5	3.5
618.3561	5.5266e-02	5	0	2	2.5	2.5
614.5075	4.6976e-01	5	0	2	2.5	1.5
624.5369	1.8050e+00	5	0	1	3.5	4.5
618.6119	4.3319e-01	5	0	1	3.5	3.5
614.1165	1.0830e+00	5	0	1	3.5	2.5
626.3489	4.2510e-01	5	0	2	3.5	4.5
619.4110	1.6350e-02	5	0	2	3.5	3.5
614.0684	2.7795e-01	5	0	2	3.5	2.5
627.0138	9.1496e-01	5	0	1	4.5	5.5
619.6821	1.0980e-01	5	0	1	4.5	4.5
613.8484	5.8557e-01	5	0	1	4.5	3.5
629.2034	1.8849e-01	5	0	2	4.5	5.5
620.7483	7.2497e-03	5	0	2	4.5	4.5
613.9333	1.2325e-01	5	0	2	4.5	3.5
629.7847	3.6261e-01	5	0	1	5.5	6.5
621.0181	2.9009e-02	5	0	1	5.5	5.5
613.8252	2.3207e-01	5	0	1	5.5	4.5
632.3422	6.1914e-02	5	0	2	5.5	6.5
622.3653	2.4766e-03	5	0	2	5.5	5.5
614.0918	3.9625e-02	5	0	2	5.5	4.5
632.8539	1.0919e-01	5	0	1	6.5	7.5
622.6258	4.5495e-03	5	0	1	6.5	6.5
614.0560	6.8242e-02	5	0	1	6.5	5.5
635.7716	1.5901e-02	5	0	2	6.5	7.5
614.5370	9.9383e-03	5	0	2	6.5	5.5
636.2260	2.6183e-02	5	0	1	7.5	8.5
624.5103	1.1384e-03	5	0	1	7.5	7.5
614.5480	1.5937e-02	5	0	1	7.5	6.5
639.4992	3.2284e-03	5	0	2	7.5	8.5
615.2654	1.8247e-03	5	0	2	7.5	6.5
639.9063	5.0286e-03	5	0	1	8.5	9.5
626.6765	2.2857e-04	5	0	1	8.5	8.5
615.3067	2.9715e-03	5	0	1	8.5	7.5
643.5333	5.2240e-04	5	0	2	8.5	9.5
616.2762	2.8495e-04	5	0	2	8.5	7.5
643.9013	8.1424e-04	5	0	1	9.5	10.5
629.1297	3.7011e-05	5	0	1	9.5	9.5
616.3372	4.4413e-04	5	0	1	9.5	8.5
647.8827	6.4593e-05	5	0	2	9.5	10.5
617.5705	3.2297e-05	5	0	2	9.5	8.5
648.2183	9.7085e-05	5	0	1	10.5	11.5
617.6442	4.8542e-05	5	0	1	10.5	9.5
652.5572	6.3948e-06	5	0	2	10.5	11.5
619.1507	3.1974e-06	5	0	2	10.5	9.5
652.8655	9.3224e-06	5	0	1	11.5	12.5
619.2326	4.1433e-06	5	0	1	11.5	10.5
657.5671	5.0848e-07	5	0	2	11.5	12.5
621.0206	2.2246e-07	5	0	2	11.5	10.5
657.8524	7.2225e-07	5	0	1	12.5	13.5
621.1076	3.1599e-07	5	0	1	12.5	11.5
662.9238	3.2532e-08	5	0	2	12.5	13.5
623.1849	1.1619e-08	5	0	2	12.5	11.5
663.1897	4.5191e-08	5	0	1	13.5	14.5
623.2751	1.6140e-08	5	0	1	13.5	12.5
668.6395	1.6751e-09	5	0	2	13.5	14.5
625.6495	4.1878e-10	5	0	2	13.5	12.5
668.8888	2.2824e-09	5	0	1	14.5	15.5
625.7414	5.7060e-10	5	0	1	14.5	13.5
674.7278	6.9242e-11	5	0	2	14.5	15.5
628.4207	1.3848e-11	5	0	2	14.5	13.5
628.5136	1.8554e-11	5	0	1	15.5	14.5
631.5064	2.8505e-13	5	0	2	15.5	14.5
652.4227	5.2270e-01	6	1	2	0.5	1.5
649.9322	2.4683e-01	6	1	2	0.5	0.5
653.4848	1.7000e+00	6	1	1	1.5	2.5
650.0525	2.2173e+00	6	1	1	1.5	1.5
654.5830	7.0611e-01	6	1	2	1.5	2.5
650.4455	8.3072e-02	6	1	2	1.5	1.5
647.9700	3.1152e-01	6	1	2	1.5	0.5
655.5427	1.9310e+00	6	1	1	2.5	3.5
650.6792	8.2757e-01	6	1	1	2.5	2.5
647.2762	8.2757e-01	6	1	1	2.5	1.5
657.0594	6.0751e-01	6	1	2	2.5	3.5
651.2893	3.5736e-02	6	1	2	2.5	2.5
647.1933	3.0375e-01	6	1	2	2.5	1.5
657.9101	1.4621e+00	6	1	1	3.5	4.5
651.5791	2.8298e-01	6	1	1	3.5	3.5
646.7740	7.0745e-01	6	1	1	3.5	2.5
659.8465	3.7390e-01	6	1	2	3.5	4.5
652.4532	1.0997e-02	6	1	2	3.5	3.5
646.7634	1.8695e-01	6	1	2	3.5	2.5
660.5959	7.9653e-01	6	1	1	4.5	5.5
652.7636	9.9567e-02	6	1	1	4.5	4.5
646.5308	3.9827e-01	6	1	1	4.5	3.5
662.9455	1.7940e-01	6	1	2	4.5	5.5
653.9304	5.1257e-03	6	1	2	4.5	4.5
646.6683	8.2011e-02	6	1	2	4.5	3.5
663.6062	3.4226e-01	6	1	1	5.5	6.5
654.2419	3.1114e-02	6	1	1	5.5	5.5
646.5588	1.5557e-01	6	1	1	5.5	4.5
666.3610	6.5087e-02	6	1	2	5.5	6.5
655.7183	1.8596e-03	6	1	2	5.5	5.5
646.8974	2.7895e-02	6	1	2	5.5	4.5
666.9467	1.1744e-01	6	1	1	6.5	7.5
656.0209	6.9083e-03	6	1	1	6.5	6.5
646.8681	5.1812e-02	6	1	1	6.5	5.5
670.1006	1.8682e-02	6	1	2	6.5	7.5
647.4439	7.4729e-03	6	1	2	6.5	5.5
670.6236	3.2441e-02	6	1	1	7.5	8.5
658.1071	9.2688e-04	6	1	1	7.5	7.5
647.4666	1.2049e-02	6	1	1	7.5	6.5
674.1727	4.4120e-03	6	1	2	7.5	8.5
648.3048	1.5932e-03	6	1	2	7.5	6.5
674.6436	7.0556e-03	6	1	1	8.5	9.5
660.5063	2.0159e-04	6	1	1	8.5	8.5
648.3612	2.4191e-03	6	1	1	8.5	7.5
678.5873	8.1707e-04	6	1	2	8.5	9.5
649.4795	2.4966e-04	6	1	2	8.5	7.5
679.0147	1.2856e-03	6	1	1	9.5	10.5
663.2253	3.5712e-05	6	1	1	9.5	9.5
649.5577	3.9283e-04	6	1	1	9.5	8.5
683.3551	1.2288e-04	6	1	2	9.5	10.5
650.9699	3.4134e-05	6	1	2	9.5	8.5
683.7459	1.8634e-04	6	1	1	10.5	11.5
666.2710	5.1762e-06	6	1	1	10.5	10.5
651.0621	5.1762e-05	6	1	1	10.5	9.5
688.4877	1.5097e-05	6	1	2	10.5	11.5
652.7795	3.7743e-06	6	1	2	10.5	9.5
688.8478	2.2193e-05	6	1	1	11.5	12.5
652.8806	4.9318e-06	6	1	1	11.5	10.5
693.9981	1.5659e-06	6	1	2	11.5	12.5
654.9134	2.9624e-07	6	1	2	11.5	10.5
694.3321	2.1810e-06	6	1	1	12.5	13.5
655.0199	4.2409e-07	6	1	1	12.5	11.5
699.9002	1.3047e-07	6	1	2	12.5	13.5
657.3778	2.1157e-08	6	1	2	12.5	11.5
700.2120	1.7763e-07	6	1	1	13.5	14.5
657.4874	2.9605e-08	6	1	1	13.5	12.5
706.2095	9.0214e-09	6	1	2	13.5	14.5
660.1803	1.2191e-09	6	1	2	13.5	12.5
706.5022	1.2376e-08	6	1	1	14.5	15.5
660.2915	1.6725e-09	6	1	1	14.5	13.5
712.9428	5.2030e-10	6	1	2	14.5	15.5
663.3296	5.6249e-11	6	1	2	14.5	13.5
663.4413	7.5845e-11	6	1	1	15.5	14.5
666.8355	2.0398e-12	6	1	2	15.5	14.5
689.1189	1.1020e+00	7	2	2	0.5	1.5
686.4573	5.3263e-01	7	2	2	0.5	0.5
690.2737	3.5644e+00	7	2	1	1.5	2.5
686.5849	4.7369e+00	7	2	1	1.5	1.5
691.4530	1.5106e+00	7	2	2	1.5	2.5
687.0287	1.7379e-01	7	2	2	1.5	1.5
684.3833	6.9516e-01	7	2	2	1.5	0.5
692.5130	4.2054e+00	7	2	1	2.5	3.5
687.2890	1.8343e+00	7	2	1	2.5	2.5
683.6319	1.8790e+00	7	2	1	2.5	1.5
694.1435	1.3379e+00	7	2	2	2.5	3.5
687.9694	7.1038e-02	7	2	2	2.5	2.5
683.5894	7.1038e-01	7	2	2	2.5	1.5
695.0961	3.2521e+00	7	2	1	3.5	4.5
688.2983	6.9462e-01	7	2	1	3.5	3.5
683.1375	1.6734e+00	7	2	1	3.5	2.5
697.1852	8.6461e-01	7	2	2	3.5	4.5
689.2688	3.0337e-02	7	2	2	3.5	3.5
683.1807	4.6264e-01	7	2	2	3.5	2.5
698.0338	1.8754e+00	7	2	1	4.5	5.5
689.6260	2.2574e-01	7	2	1	4.5	4.5
682.9343	9.8977e-01	7	2	1	4.5	3.5
700.5789	4.3513e-01	7	2	2	4.5	5.5
690.9204	1.1157e-02	7	2	2	4.5	4.5
683.1449	2.2314e-01	7	2	2	4.5	3.5
701.3344	8.6043e-01	7	2	1	5.5	6.5
691.2823	6.8530e-02	7	2	1	5.5	5.5
683.0354	4.3402e-01	7	2	1	5.5	4.5
704.3304	1.7215e-01	7	2	2	5.5	6.5
692.9217	2.8692e-03	7	2	2	5.5	5.5
683.4717	8.3206e-02	7	2	2	5.5	4.5
705.0054	3.1542e-01	7	2	1	6.5	7.5
693.2760	1.6175e-02	7	2	1	6.5	6.5
683.4520	1.5097e-01	7	2	1	6.5	5.5
708.4479	5.4413e-02	7	2	2	6.5	7.5
695.2740	8.8477e-04	7	2	2	6.5	6.5
684.1545	2.4331e-02	7	2	2	6.5	5.5
709.0549	9.4005e-02	7	2	1	7.5	8.5
695.6150	3.8845e-03	7	2	1	7.5	7.5
684.1934	4.1953e-02	7	2	1	7.5	6.5
712.9420	1.3892e-02	7	2	2	7.5	8.5
697.9817	2.2052e-04	7	2	2	7.5	7.5
685.1907	5.8437e-03	7	2	2	7.5	6.5
713.4916	2.2916e-02	7	2	1	8.5	9.5
698.3070	7.3332e-04	7	2	1	8.5	8.5
685.2677	9.5331e-03	7	2	1	8.5	7.5
717.8245	2.9114e-03	7	2	2	8.5	9.5
701.0510	2.2395e-05	7	2	2	8.5	8.5
686.5806	1.1198e-03	7	2	2	8.5	7.5
718.3259	4.5926e-03	7	2	1	9.5	10.5
701.3603	1.0681e-04	7	2	1	9.5	9.5
686.6823	1.7801e-03	7	2	1	9.5	8.5
723.1087	5.0014e-04	7	2	2	9.5	10.5
704.4903	3.7324e-06	7	2	2	9.5	9.5
688.3272	1.7915e-04	7	2	2	9.5	8.5
723.5694	7.6014e-04	7	2	1	10.5	11.5
704.7841	1.1431e-05	7	2	1	10.5	10.5
688.4448	2.7434e-04	7	2	1	10.5	9.5
728.8094	7.0855e-05	7	2	2	10.5	11.5
708.3092	5.1344e-07	7	2	2	10.5	10.5
690.4357	2.3618e-05	7	2	2	10.5	9.5
729.2357	1.0436e-04	7	2	1	11.5	12.5
708.5886	1.5235e-06	7	2	1	11.5	11.5
690.5634	3.4279e-05	7	2	1	11.5	10.5
734.9427	8.2655e-06	7	2	2	11.5	12.5
712.5192	5.8620e-08	7	2	2	11.5	11.5
692.9130	2.5207e-06	7	2	2	11.5	10.5
735.3397	1.1852e-05	7	2	1	12.5	13.5
712.7854	1.6931e-07	7	2	1	12.5	12.5
693.0468	3.6402e-06	7	2	1	12.5	11.5
741.5266	8.0966e-07	7	2	2	12.5	13.5
717.1332	5.5839e-09	7	2	2	12.5	12.5
695.7676	2.2894e-07	7	2	2	12.5	11.5
741.8987	1.1345e-06	7	2	1	13.5	14.5
717.3875	1.5757e-08	7	2	1	13.5	13.5
695.9049	3.1515e-07	7	2	1	13.5	12.5
748.5811	6.6016e-08	7	2	2	13.5	14.5
722.1658	4.4605e-10	7	2	2	13.5	13.5
699.0096	1.6950e-08	7	2	2	13.5	12.5
748.9318	9.1285e-08	7	2	1	14.5	15.5
722.4093	6.1679e-10	7	2	1	14.5	14.5
699.1488	2.3438e-08	7	2	1	14.5	13.5
756.1281	4.5353e-09	7	2	2	14.5	15.5
727.6333	3.0035e-11	7	2	2	14.5	14.5
702.6510	1.0813e-09	7	2	2	14.5	13.5
727.8673	4.0805e-11	7	2	1	15.5	15.5
702.7909	1.4690e-09	7	2	1	15.5	14.5
733.5543	1.7137e-12	7	2	2	15.5	15.5
706.7053	5.8266e-11	7	2	2	15.5	14.5
730.5729	2.3020e+00	8	3	2	0.5	1.5
727.7112	1.1183e+00	8	3	2	0.5	0.5
731.8298	7.3999e+00	8	3	1	1.5	2.5
727.8410	1.0019e+01	8	3	1	1.5	1.5
733.1167	3.1740e+00	8	3	2	1.5	2.5
728.3569	3.6148e-01	8	3	2	1.5	1.5
725.5126	1.5341e+00	8	3	2	1.5	0.5
734.2907	8.8568e+00	8	3	1	2.5	3.5
728.6446	4.0123e+00	8	3	1	2.5	2.5
724.6903	4.1609e+00	8	3	1	2.5	1.5
736.0686	2.8475e+00	8	3	2	2.5	3.5
729.4214	1.6088e-01	8	3	2	2.5	2.5
724.7093	1.6168e+00	8	3	2	2.5	1.5
737.1396	6.9560e+00	8	3	1	3.5	4.5
729.7949	1.5602e+00	8	3	1	3.5	3.5
724.2175	3.9005e+00	8	3	1	3.5	2.5
739.4235	1.9060e+00	8	3	2	3.5	4.5
730.8946	6.4427e-02	8	3	2	3.5	3.5
724.3401	1.1114e+00	8	3	2	3.5	2.5
740.3897	4.1659e+00	8	3	1	4.5	5.5
731.3068	5.4716e-01	8	3	1	4.5	4.5
724.0774	2.4125e+00	8	3	1	4.5	3.5
743.1827	9.9582e-01	8	3	2	4.5	5.5
732.7699	2.4965e-02	8	3	2	4.5	4.5
724.3930	5.7142e-01	8	3	2	4.5	3.5
744.0521	1.9890e+00	8	3	1	5.5	6.5
733.1926	1.6671e-01	8	3	1	5.5	5.5
724.2843	1.1325e+00	8	3	1	5.5	4.5
747.3530	4.1486e-01	8	3	2	5.5	6.5
735.0454	7.9781e-03	8	3	2	5.5	5.5
724.8579	2.2909e-01	8	3	2	5.5	4.5
748.1369	7.6966e-01	8	3	1	6.5	7.5
735.4632	4.5529e-02	8	3	1	6.5	6.5
724.8512	4.2277e-01	8	3	1	6.5	5.5
751.9446	1.3965e-01	8	3	2	6.5	7.5
737.7236	2.2707e-03	8	3	2	6.5	6.5
725.7286	7.3796e-02	8	3	2	6.5	5.5
752.6550	2.4415e-01	8	3	1	7.5	8.5
738.1287	1.0089e-02	8	3	1	7.5	7.5
725.7889	1.2779e-01	8	3	1	7.5	6.5
756.9705	3.8499e-02	8	3	2	7.5	8.5
740.8103	5.1332e-04	8	3	2	7.5	7.5
727.0035	1.9198e-02	8	3	2	7.5	6.5
757.6181	6.3890e-02	8	3	1	8.5	9.5
741.1993	2.0721e-03	8	3	1	8.5	8.5
727.1077	3.1773e-02	8	3	1	8.5	7.5
762.4458	8.7183e-03	8	3	2	8.5	9.5
744.3142	9.1772e-05	8	3	2	8.5	8.5
728.6843	4.1068e-03	8	3	2	8.5	7.5
763.0402	1.3534e-02	8	3	1	9.5	10.5
744.6861	3.3189e-04	8	3	1	9.5	9.5
728.8171	6.3059e-03	8	3	1	9.5	8.5
768.3875	1.5990e-03	8	3	2	9.5	10.5
748.2463	1.2758e-05	8	3	2	9.5	9.5
730.7761	6.9745e-04	8	3	2	9.5	8.5
768.9368	2.4481e-03	8	3	1	10.5	11.5
748.6015	4.6067e-05	8	3	1	10.5	10.5
730.9274	1.0661e-03	8	3	1	10.5	9.5
774.8149	2.4930e-04	8	3	2	10.5	11.5
752.6199	1.9734e-06	8	3	2	10.5	10.5
733.2864	1.0196e-04	8	3	2	10.5	9.5
775.3258	3.7163e-04	8	3	1	11.5	12.5
752.9593	5.9146e-06	8	3	1	11.5	11.5
733.4495	1.5181e-04	8	3	1	11.5	10.5
781.7495	3.2613e-05	8	3	2	11.5	12.5
757.4502	2.5612e-07	8	3	2	11.5	11.5
736.2253	1.2465e-05	8	3	2	11.5	10.5
782.2277	4.7302e-05	8	3	1	12.5	13.5
757.7751	6.2240e-07	8	3	1	12.5	12.5
736.3957	1.7925e-05	8	3	1	12.5	11.5
789.2152	3.5896e-06	8	3	2	12.5	13.5
762.7552	1.8696e-08	8	3	2	12.5	12.5
739.6049	1.2713e-06	8	3	2	12.5	11.5
789.6656	5.0847e-06	8	3	1	13.5	14.5
763.0669	5.3243e-08	8	3	1	13.5	13.5
739.7797	1.7970e-06	8	3	1	13.5	12.5
797.2391	3.3421e-07	8	3	2	13.5	14.5
768.5548	1.7361e-09	8	3	2	13.5	13.5
743.4399	1.0938e-07	8	3	2	13.5	12.5
797.6656	4.6498e-07	8	3	1	14.5	15.5
768.8547	4.8435e-09	8	3	1	14.5	14.5
743.6171	1.5136e-07	8	3	1	14.5	13.5
805.8514	2.6530e-08	8	3	2	14.5	15.5
774.8720	1.3746e-10	8	3	2	14.5	14.5
747.7472	7.9726e-09	8	3	2	14.5	13.5
775.1614	2.8247e-10	8	3	1	15.5	15.5
747.9255	1.0922e-08	8	3	1	15.5	14.5
781.7327	9.3295e-12	8	3	2	15.5	15.5
752.5464	4.9913e-10	8	3	2	15.5	14.5
778.2572	3.1568e+00	9	4	2	0.5	1.5
775.1557	1.5429e+00	9	4	2	0.5	0.5
779.6256	1.0132e+01	9	4	1	1.5	2.5
775.2773	1.3853e+01	9	4	1	1.5	1.5
781.0616	4.4157e+00	9	4	2	1.5	2.5
775.8994	5.0056e-01	9	4	2	1.5	1.5
772.8167	2.1751e+00	9	4	2	1.5	0.5
782.3655	1.2333e+01	9	4	1	2.5	3.5
776.2131	5.7016e+00	9	4	1	2.5	2.5
771.9027	5.9038e+00	9	4	1	2.5	1.5
784.3423	4.0597e+00	9	4	2	2.5	3.5
777.1278	2.2430e-01	9	4	2	2.5	2.5
772.0174	2.3663e+00	9	4	2	2.5	1.5
785.5520	9.9760e+00	9	4	1	3.5	4.5
777.5510	2.2881e+00	9	4	1	3.5	3.5
771.4738	5.7660e+00	9	4	1	3.5	2.5
788.0950	2.8166e+00	9	4	2	3.5	4.5
778.8311	9.7662e-02	9	4	2	3.5	3.5
771.7171	1.6954e+00	9	4	2	3.5	2.5
789.2022	6.2151e+00	9	4	1	4.5	5.5
779.3080	8.3296e-01	9	4	1	4.5	4.5
771.4330	3.7163e+00	9	4	1	4.5	3.5
792.3223	1.5431e+00	9	4	2	4.5	5.5
781.0032	3.8365e-02	9	4	2	4.5	4.5
771.9043	9.1863e-01	9	4	2	4.5	3.5
793.3305	3.1127e+00	9	4	1	5.5	6.5
781.4997	2.6833e-01	9	4	1	5.5	5.5
771.7965	1.8426e+00	9	4	1	5.5	4.5
797.0328	6.8203e-01	9	4	2	5.5	6.5
783.6436	1.3098e-02	9	4	2	5.5	5.5
772.5693	3.9387e-01	9	4	2	5.5	4.5
797.9512	1.2778e+00	9	4	1	6.5	7.5
784.1398	7.7498e-02	9	4	1	6.5	6.5
772.5795	7.3533e-01	9	4	1	6.5	5.5
802.2398	2.4640e-01	9	4	2	6.5	7.5
786.7564	3.6926e-03	9	4	2	6.5	6.5
773.7074	1.3663e-01	9	4	2	6.5	5.5
803.0793	4.3495e-01	9	4	1	7.5	8.5
787.2420	1.8727e-02	9	4	1	7.5	7.5
773.7958	2.3983e-01	9	4	1	7.5	6.5
807.9601	7.3559e-02	9	4	2	7.5	8.5
790.3504	8.9585e-04	9	4	2	7.5	7.5
775.3182	3.8820e-02	9	4	2	7.5	6.5
808.7314	1.2338e-01	9	4	1	8.5	9.5
790.8203	4.0673e-03	9	4	1	8.5	8.5
775.4582	6.4908e-02	9	4	1	8.5	7.5
814.2135	1.8249e-02	9	4	2	8.5	9.5
794.4376	1.9676e-04	9	4	2	8.5	8.5
777.4062	9.1493e-03	9	4	2	8.5	7.5
814.9265	2.9680e-02	9	4	1	9.5	10.5
794.8899	7.5999e-04	9	4	1	9.5	9.5
777.5801	1.4800e-02	9	4	1	9.5	8.5
821.0229	3.8549e-03	9	4	2	9.5	10.5
799.0332	3.5694e-05	9	4	2	9.5	9.5
779.9791	1.8306e-03	9	4	2	9.5	8.5
821.6860	5.9773e-03	9	4	1	10.5	11.5
799.4679	1.1971e-04	9	4	1	10.5	10.5
780.1753	2.8251e-03	9	4	1	10.5	9.5
828.4142	6.7916e-04	9	4	2	10.5	11.5
804.1556	5.3547e-06	9	4	2	10.5	10.5
783.0485	3.0433e-04	9	4	2	10.5	9.5
829.0348	1.0208e-03	9	4	1	11.5	12.5
804.5735	1.7576e-05	9	4	1	11.5	11.5
783.2591	4.5563e-04	9	4	1	11.5	10.5
836.4164	1.0132e-04	9	4	2	11.5	12.5
809.8261	6.6307e-07	9	4	2	11.5	11.5
786.6287	4.2702e-05	9	4	2	11.5	10.5
837.0009	1.4829e-04	9	4	1	12.5	13.5
810.2284	2.1492e-06	9	4	1	12.5	12.5
786.8486	6.2326e-05	9	4	1	12.5	11.5
845.0624	1.2886e-05	9	4	2	12.5	13.5
816.0692	8.4110e-08	9	4	2	12.5	12.5
790.7373	5.1139e-06	9	4	2	12.5	11.5
845.6162	1.8412e-05	9	4	1	13.5	14.5
816.4575	2.1775e-07	9	4	1	13.5	13.5
790.9631	7.2825e-06	9	4	1	13.5	12.5
854.3892	1.4029e-06	9	4	2	13.5	14.5
822.9130	7.3260e-09	9	4	2	13.5	13.5
795.3950	5.2198e-07	9	4	2	13.5	12.5
854.9170	1.9656e-06	9	4	1	14.5	15.5
823.2889	2.0636e-08	9	4	1	14.5	14.5
795.6245	7.3001e-07	9	4	1	14.5	13.5
864.4384	1.3164e-07	9	4	2	14.5	15.5
830.3893	6.8834e-10	9	4	2	14.5	14.5
800.6258	4.5947e-08	9	4	2	14.5	13.5
830.7542	1.6657e-09	9	4	1	15.5	15.5
800.8575	6.3058e-08	9	4	1	15.5	14.5
838.5341	4.2092e-11	9	4	2	15.5	15.5
806.4572	3.4936e-09	9	4	2	15.5	14.5
