000.000  000.000  000.000  009.311  004.590  000.000
005.905  007.946  000.000  008.641  001.026  004.247
007.186  003.228  003.468  008.470  000.506  004.940
007.704  001.692  004.495  008.454  000.323  005.120
007.996  001.017  004.858  008.498  000.232  005.122
008.200  000.668  004.959  008.567  000.179  005.040
008.360  000.468  004.932  008.645  000.143  004.910
008.494  000.343  004.835  008.725  000.117  004.750
008.611  000.261  004.697  008.803  000.099  004.571
008.707  000.205  004.524  008.869  000.084  004.372
008.798  000.164  004.341  008.936  000.072  004.170
008.878  000.135  004.146  008.996  000.063  003.963
008.947  000.112  003.944  009.048  000.055  003.752
009.007  000.095  003.736  009.091  000.049  003.539
009.056  000.081  003.525  009.126  000.044  003.325
009.095  000.070  003.313  009.151  000.039  003.111


000.000  000.000  000.000  026.456  013.021  000.000
016.742  022.592  000.000  024.531  002.891  012.070
020.367  009.197  009.827  024.024  001.416  014.027
021.823  004.827  012.733  023.955  000.900  014.522
022.638  002.903  013.753  024.055  000.646  014.510
023.198  001.907  014.025  024.224  000.496  014.256
023.629  001.333  013.933  024.417  000.396  013.864
023.984  000.977  013.638  024.612  000.325  013.385
024.283  000.742  013.221  024.795  000.272  012.847
024.546  000.581  012.729  024.970  000.232  012.275
024.764  000.465  012.179  025.115  000.199  011.669
024.946  000.380  011.592  025.235  000.173  011.042
025.094  000.316  010.980  025.329  000.152  010.402
025.209  000.266  010.350  025.395  000.134  009.753
025.292  000.226  009.710  025.432  000.119  009.102
025.344  000.195  009.065  025.442  000.107  008.451


000.000  000.000  000.000  048.139  023.617  000.000
030.419  041.064  000.000  044.658  005.211  021.891
037.037  016.757  017.762  043.757  002.537  025.400
039.717  008.812  022.990  043.656  001.605  026.251
041.236  005.308  024.803  043.867  001.150  026.185
042.290  003.488  025.260  044.205  000.882  025.681
043.290  002.439  025.059  044.588  000.704  024.930
043.790  001.787  024.491  044.973  000.579  024.022
044.369  001.357  023.700  045.339  000.485  023.010
044.892  001.062  022.806  045.688  000.413  021.959
045.308  000.850  021.768  045.968  000.355  020.815
045.657  000.693  020.663  046.200  000.309  019.636
045.940  000.575  019.512  046.380  000.271  018.433
046.160  000.484  018.329  046.507  000.239  017.215
046.317  000.412  017.128  046.577  000.212  015.992
046.412  000.354  015.917  046.590  000.190  014.770


000.000  000.000  000.000  072.290  035.341  000.000
045.622  061.574  000.000  067.099  007.749  032.736
055.591  025.180  026.464  065.770  003.748  037.896
059.653  013.263  034.190  065.638  002.360  039.065
061.967  007.995  036.808  065.970  001.685  038.856
063.575  005.255  037.398  066.487  001.289  037.990
064.824  003.673  036.996  067.063  001.029  036.751
065.850  002.687  036.042  067.634  000.844  035.275
066.715  002.038  034.751  068.166  000.707  033.642
067.436  001.590  033.229  068.634  000.600  031.891
068.057  001.270  031.577  069.039  000.516  030.075
068.567  001.034  029.823  069.362  000.448  028.206
068.967  000.855  027.999  069.595  000.393  026.302
069.259  000.717  026.128  069.733  000.346  024.377
069.444  000.609  024.230  069.772  000.307  022.445
069.521  000.521  022.319  069.709  000.273  020.518


000.000  000.000  000.000  094.525  045.985  000.000
059.613  080.279  000.000  087.851  010.017  042.495
072.736  032.893  034.201  086.194  004.811  049.016
078.139  017.350  044.046  086.087  003.012  050.322
081.244  010.466  047.250  086.572  002.142  049.826
083.408  006.878  047.812  087.282  001.635  048.469
085.082  004.801  047.077  088.048  001.302  046.622
086.443  003.507  045.618  088.787  001.067  044.465
087.569  002.654  043.714  089.450  000.891  042.101
088.596  002.068  041.608  090.105  000.757  039.676
089.337  001.646  039.215  090.533  000.649  037.062
089.902  001.335  036.689  090.822  000.562  034.380
090.294  001.100  034.072  090.963  000.490  031.657
090.514  000.918  031.398  090.949  000.430  028.915
090.561  000.774  028.695  090.772  000.380  026.175
090.435  000.659  025.986  090.429  000.337  023.456


000.000  000.000  000.000  109.977  053.141  000.000
069.363  092.949  000.000  102.435  011.497  048.879
084.801  038.145  039.117  100.668  005.479  056.065
091.246  020.141  050.120  100.666  003.407  057.190
094.989  012.150  053.451  101.316  002.411  056.216
097.602  007.977  053.721  102.190  001.833  054.236
099.604  005.558  052.485  103.090  001.455  051.685
101.199  004.049  050.403  103.914  001.188  048.773
102.476  003.052  047.802  104.603  000.989  045.624
103.459  002.364  044.851  105.116  000.836  042.302
104.207  001.873  041.697  105.449  000.714  038.891
104.700  001.510  038.399  105.571  000.615  035.421
104.942  001.236  035.013  105.470  000.533  031.928
104.933  001.024  031.585  105.136  000.465  028.445
104.671  000.857  028.155  104.561  000.408  025.004
104.153  000.724  024.757  103.739  000.358  021.637


000.000  000.000  000.000  113.186  054.144  000.000
071.489  094.877  000.000  105.836  011.630  049.373
087.691  038.938  039.209  104.329  005.495  056.133
094.613  020.594  049.820  104.569  003.390  056.677
098.705  012.415  052.622  105.421  002.384  055.066
101.576  008.135  052.305  106.439  001.802  052.424
103.756  005.651  050.450  107.418  001.423  049.202
105.451  004.099  047.735  108.249  001.156  045.626
106.747  003.074  044.501  108.869  000.958  041.829
107.718  002.368  040.994  109.994  000.805  037.950
108.328  001.862  037.239  109.388  000.638  033.952
108.592  001.489  033.372  109.186  000.584  029.945
108.513  001.207  029.466  108.672  000.502  025.979
108.093  000.989  025.580  107.838  000.433  022.106
107.335  000.818  021.772  106.681  000.375  018.372
106.237  000.681  018.092  105.194  000.325  014.826


000.000  000.000  000.000  101.441  047.786  000.000
064.303  083.877  000.000  095.487  010.184  042.922
079.309  034.483  033.706  094.627  004.764  048.106
085.957  018.209  042.240  095.236  002.912  047.771
089.996  010.957  043.906  096.299  002.029  045.523
092.856  007.155  042.829  097.416  001.522  042.375
095.005  004.945  040.411  098.396  001.193  038.739
096.618  003.562  037.259  099.137  000.961  034.834
097.770  002.649  033.688  099.580  000.789  030.794
098.394  002.017  029.861  099.668  000.656  026.707
098.787  001.569  025.987  099.478  000.550  022.683
098.787  001.238  022.101  098.887  000.464  018.767
098.252  000.989  018.295  097.896  000.393  015.034
097.344  000.796  014.651  096.514  000.334  011.553
096.028  000.646  011.247  094.748  000.283  008.396
094.316  000.526  008.154  092.601  000.240  005.630


000.000  000.000  000.000  000.612  000.302  000.000
000.388  000.524  000.000  000.567  000.067  000.280
000.471  000.213  000.228  000.555  000.033  000.326
000.504  000.112  000.296  000.553  000.021  000.337
000.522  000.067  000.319  000.554  000.015  000.337
000.534  000.044  000.325  000.557  000.012  000.331
000.544  000.031  000.323  000.561  000.009  000.321
000.551  000.023  000.316  000.565  000.008  000.310
000.558  000.017  000.307  000.569  000.007  000.298
000.562  000.014  000.295  000.573  000.006  000.285
000.568  000.011  000.293  000.577  000.005  000.272
000.573  000.009  000.271  000.581  000.004  000.260
000.578  000.008  000.258  000.585  000.004  000.247
000.582  000.007  000.246  000.589  000.003  000.235
000.587  000.006  000.234  000.594  000.003  000.223
000.592  000.005  000.222  000.598  000.003  000.212


000.000  000.000  000.000  002.851  001.415  000.000
001.795  002.459  000.000  002.630  000.314  001.327
002.176  001.004  001.083  002.565  000.154  001.554
002.325  000.529  001.414  002.550  000.098  001.623
002.405  000.320  001.540  002.554  000.070  001.637
002.461  000.211  001.585  002.568  000.054  001.625
002.503  000.148  001.590  002.585  000.044  001.599
002.537  000.109  001.575  002.603  000.036  001.563
002.567  000.084  001.546  002.620  000.031  001.522
002.568  000.065  001.490  002.611  000.026  001.457
002.589  000.053  001.447  002.625  000.023  001.406
002.607  000.043  001.399  002.637  000.020  001.354
002.622  000.036  001.348  002.647  000.018  001.300
002.634  000.031  001.294  002.655  000.016  001.244
002.643  000.027  001.240  002.660  000.014  001.188
002.650  000.023  001.184  002.663  000.013  001.130


000.000  000.000  000.000  007.016  003.486  000.000
004.405  006.069  000.000  006.459  000.768  003.281
005.332  002.484  002.674  006.287  000.373  003.847
005.688  001.311  003.494  006.237  000.236  004.021
005.878  000.793  003.810  006.238  000.170  004.059
006.003  000.524  003.925  006.261  000.131  004.033
006.098  000.368  003.944  006.293  000.105  003.972
006.175  000.271  003.909  006.331  000.087  003.888
006.241  000.207  003.842  006.369  000.073  003.788
006.301  000.163  003.755  006.409  000.063  003.680
006.353  000.132  003.654  006.444  000.055  003.564
006.398  000.109  003.543  006.477  000.048  003.442
006.439  000.091  003.425  006.507  000.043  003.315
006.475  000.078  003.301  006.534  000.038  003.186
006.506  000.067  003.175  006.558  000.035  003.055
006.534  000.058  003.045  006.580  000.031  002.924


000.000  000.000  000.000  013.863  006.886  000.000
008.681  012.015  000.000  012.750  001.508  006.505
010.504  004.931  005.291  012.402  000.729  007.636
011.204  002.610  006.925  012.299  000.460  007.992
011.580  001.582  007.564  012.300  000.330  008.082
011.831  001.046  007.809  012.349  000.254  008.048
012.023  000.737  007.864  012.421  000.204  007.944
012.184  000.543  007.815  012.505  000.169  007.796
012.326  000.416  007.703  012.594  000.143  007.620
012.451  000.328  007.550  012.682  000.123  007.424
012.570  000.265  007.369  012.773  000.107  007.214
012.681  000.219  007.171  012.864  000.094  006.994
012.788  000.184  006.959  012.955  000.084  006.768
012.890  000.156  006.739  013.046  000.075  006.538
012.991  000.135  006.513  013.138  000.068  006.305
013.090  000.118  006.284  013.232  000.062  006.071


000.000  000.000  000.000  024.583  012.206  000.000
015.356  021.342  000.000  022.590  002.657  011.567
018.576  008.785  009.392  021.961  001.277  013.593
019.813  004.662  012.309  021.775  000.802  014.244
020.482  002.832  013.465  021.779  000.573  014.427
020.935  001.877  013.926  021.874  000.441  014.391
021.289  001.323  014.053  022.017  000.355  014.233
021.592  000.977  013.995  022.185  000.294  014.000
021.864  000.749  013.825  022.368  000.249  013.716
022.199  000.593  013.658  022.644  000.216  013.474
022.444  000.480  013.372  022.843  000.188  013.133
022.679  000.396  013.052  023.044  000.166  012.772
022.909  000.333  012.706  023.248  000.148  012.397
023.133  000.284  012.343  023.454  000.133  012.011
023.356  000.245  011.964  023.662  000.121  011.615
023.577  000.214  011.575  023.874  000.110  011.212


000.000  000.000  000.000  040.292  019.985  000.000
025.110  035.019  000.000  037.000  004.323  018.988
030.369  014.453  015.385  035.950  002.063  022.322
032.391  007.689  020.174  035.634  001.288  023.401
033.486  004.680  022.084  035.635  000.918  023.712
034.233  003.106  022.858  035.792  000.705  023.663
034.820  002.191  023.081  036.031  000.567  023.413
035.326  001.618  022.999  036.315  000.470  023.037
035.783  001.240  022.732  036.623  000.398  022.574
036.185  000.977  022.331  036.922  000.343  022.036
036.592  000.790  021.855  037.251  000.299  021.461
036.982  000.651  021.315  037.580  000.264  020.845
037.357  000.546  020.725  037.909  000.235  020.195
037.720  000.465  020.094  038.235  000.211  019.516
038.073  000.401  019.429  038.559  000.191  018.809
038.419  000.349  018.733  038.881  000.173  018.076


000.000  000.000  000.000  060.248  029.811  000.000
037.478  052.345  000.000  055.320  006.405  028.344
045.336  021.653  022.895  053.737  003.033  033.277
048.359  011.542  029.991  053.250  001.881  034.830
049.997  007.035  032.788  053.237  001.334  035.227
051.109  004.670  033.883  053.453  001.021  035.076
051.977  003.293  034.146  053.785  000.818  034.613
052.712  002.430  033.942  054.173  000.677  033.949
053.364  001.858  033.447  054.586  000.572  033.142
053.844  001.458  032.663  054.924  000.491  032.149
054.426  001.175  031.843  055.366  000.428  031.156
054.959  000.966  030.906  055.783  000.376  030.080
055.443  000.807  029.871  056.168  000.334  028.931
055.880  000.684  028.751  056.521  000.298  027.713
056.273  000.586  027.556  056.838  000.268  026.429
056.622  000.507  026.291  057.118  000.242  025.082


000.000  000.000  000.000  000.065  000.032  000.000
000.041  000.055  000.000  000.060  000.007  000.029
000.049  000.022  000.023  000.058  000.003  000.033
000.052  000.011  000.030  000.057  000.002  000.033
000.054  000.007  000.031  000.056  000.001  000.032
000.054  000.004  000.031  000.055  000.001  000.030
000.054  000.003  000.029  000.054  000.001  000.028
000.053  000.002  000.027  000.053  000.001  000.025
000.052  000.002  000.025  000.051  000.001  000.022
000.042  000.001  000.016  000.041  000.000  000.014
000.041  000.001  000.014  000.040  000.000  000.012
000.039  000.001  000.011  000.038  000.000  000.009
000.038  000.000  000.009  000.037  000.000  000.007
000.036  000.000  000.007  000.035  000.000  000.006
000.035  000.000  000.006  000.034  000.000  000.004
000.034  000.000  000.004  000.032  000.000  000.003


000.000  000.000  000.000  000.257  000.125  000.000
000.162  000.218  000.000  000.239  000.028  000.116
000.199  000.089  000.093  000.236  000.014  000.134
000.214  000.047  000.121  000.236  000.009  000.138
000.223  000.029  000.130  000.239  000.006  000.137
000.230  000.019  000.132  000.242  000.005  000.134
000.236  000.013  000.131  000.246  000.004  000.130
000.241  000.010  000.127  000.249  000.003  000.125
000.246  000.008  000.123  000.253  000.003  000.120
000.252  000.006  000.120  000.258  000.002  000.116
000.256  000.005  000.115  000.261  000.002  000.110
000.259  000.004  000.109  000.264  000.002  000.104
000.262  000.003  000.104  000.266  000.002  000.099
000.265  000.003  000.098  000.268  000.002  000.093
000.267  000.003  000.092  000.270  000.001  000.087
000.269  000.002  000.087  000.271  000.001  000.082


000.000  000.000  000.000  000.841  000.414  000.000
000.529  000.722  000.000  000.779  000.091  000.387
000.644  000.296  000.313  000.762  000.044  000.450
000.690  000.157  000.407  000.760  000.028  000.467
000.717  000.095  000.441  000.764  000.020  000.468
000.736  000.063  000.451  000.770  000.016  000.462
000.751  000.044  000.450  000.778  000.013  000.451
000.763  000.033  000.443  000.785  000.010  000.438
000.775  000.025  000.432  000.793  000.009  000.424
000.786  000.020  000.420  000.801  000.008  000.409
000.794  000.016  000.406  000.807  000.007  000.393
000.802  000.013  000.390  000.813  000.006  000.376
000.808  000.011  000.374  000.817  000.005  000.359
000.813  000.010  000.357  000.820  000.005  000.341
000.817  000.008  000.340  000.822  000.004  000.323
000.819  000.007  000.322  000.823  000.004  000.306


000.000  000.000  000.000  001.924  000.950  000.000
001.205  001.659  000.000  001.773  000.207  000.893
001.461  000.682  000.723  001.727  000.100  001.042
001.561  000.361  000.941  001.715  000.063  001.084
001.615  000.219  001.022  001.717  000.045  001.089
001.651  000.145  001.048  001.724  000.035  001.076
001.678  000.102  001.048  001.733  000.028  001.053
001.700  000.075  001.034  001.743  000.023  001.025
001.718  000.058  001.010  001.753  000.020  000.993
001.734  000.046  000.984  001.762  000.017  000.960
001.746  000.037  000.951  001.769  000.015  000.923
001.756  000.030  000.916  001.775  000.013  000.885
001.764  000.026  000.880  001.779  000.012  000.847
001.770  000.022  000.842  001.783  000.010  000.809
001.775  000.019  000.805  001.785  000.009  000.771
001.778  000.016  000.767  001.787  000.009  000.733


000.000  000.000  000.000  003.752  001.858  000.000
002.341  003.252  000.000  003.450  000.403  001.757
002.834  001.341  001.422  003.355  000.193  002.059
003.025  000.713  001.859  003.327  000.121  002.151
003.128  000.434  002.027  003.328  000.087  002.170
003.198  000.288  002.090  003.342  000.067  002.157
003.251  000.203  002.102  003.362  000.054  002.125
003.296  000.151  002.086  003.385  000.045  002.083
003.335  000.116  002.054  003.410  000.038  002.034
003.380  000.092  002.022  003.446  000.033  001.993
003.415  000.075  001.976  003.474  000.029  001.939
003.448  000.062  001.925  003.502  000.026  001.884
003.480  000.052  001.873  003.530  000.023  001.829
003.512  000.045  001.820  003.560  000.021  001.776
003.545  000.039  001.768  003.593  000.019  001.724
003.579  000.035  001.717  003.628  000.018  001.674


000.000  000.000  000.000  007.202  003.578  000.000
004.476  006.278  000.000  006.606  000.772  003.412
005.411  002.599  002.763  006.415  000.368  004.020
005.772  001.388  003.631  006.360  000.230  004.226
005.971  000.849  003.986  006.365  000.164  004.297
006.111  000.566  004.141  006.400  000.127  004.306
006.225  000.402  004.200  006.454  000.103  004.284
006.326  000.299  004.208  006.518  000.086  004.243
006.422  000.231  004.188  006.590  000.073  004.191
006.483  000.183  004.116  006.642  000.063  004.103
006.584  000.149  004.072  006.734  000.056  004.046
006.686  000.125  004.021  006.830  000.050  003.988
006.790  000.106  003.968  006.932  000.045  003.930
006.898  000.092  003.914  007.041  000.042  003.874
007.012  000.080  003.861  007.160  000.038  003.822
007.135  000.071  003.811  007.291  000.036  003.775


000.000  000.000  000.000  000.031  000.016  000.000
000.020  000.027  000.000  000.028  000.003  000.014
000.023  000.011  000.012  000.027  000.002  000.017
000.025  000.006  000.015  000.026  000.001  000.017
000.025  000.003  000.016  000.026  000.001  000.017
000.025  000.002  000.016  000.025  000.001  000.016
000.024  000.001  000.015  000.024  000.000  000.015
000.023  000.001  000.014  000.023  000.000  000.013
000.022  000.001  000.013  000.022  000.000  000.012
000.022  000.001  000.012  000.020  000.000  000.010
000.020  000.000  000.010  000.018  000.000  000.009
000.018  000.000  000.008  000.016  000.000  000.007
000.016  000.000  000.007  000.014  000.000  000.005
000.014  000.000  000.005  000.012  000.000  000.003
000.012  000.000  000.003  000.010  000.000  000.002
000.010  000.000  000.002  000.008  000.000  000.001


000.000  000.000  000.000  000.036  000.017  000.000
000.023  000.030  000.000  000.034  000.004  000.015
000.028  000.012  000.012  000.034  000.002  000.017
000.031  000.006  000.015  000.034  000.001  000.017
000.032  000.004  000.016  000.035  000.001  000.016
000.033  000.003  000.015  000.035  000.001  000.015
000.034  000.002  000.015  000.035  000.000  000.014
000.035  000.001  000.013  000.036  000.000  000.013
000.035  000.001  000.012  000.036  000.000  000.011
000.036  000.001  000.011  000.036  000.000  000.010
000.036  000.001  000.010  000.036  000.000  000.009
000.036  000.000  000.008  000.037  000.000  000.007
000.036  000.000  000.007  000.037  000.000  000.006
000.036  000.000  000.006  000.037  000.000  000.005
000.037  000.000  000.005  000.037  000.000  000.004
000.037  000.000  000.004  000.037  000.000  000.003


000.000  000.000  000.000  000.120  000.058  000.000
000.076  000.101  000.000  000.113  000.013  000.052
000.094  000.041  000.042  000.113  000.006  000.060
000.103  000.022  000.053  000.114  000.004  000.061
000.108  000.013  000.057  000.117  000.003  000.060
000.113  000.009  000.057  000.120  000.002  000.058
000.117  000.006  000.056  000.123  000.002  000.055
000.121  000.005  000.054  000.126  000.002  000.053
000.125  000.004  000.052  000.130  000.001  000.050
000.129  000.003  000.050  000.134  000.001  000.048
000.133  000.002  000.048  000.138  000.001  000.046
000.137  000.002  000.045  000.141  000.001  000.043
000.140  000.002  000.043  000.145  000.001  000.041
000.144  000.002  000.040  000.148  000.001  000.038
000.148  000.001  000.038  000.151  000.001  000.036
000.151  000.001  000.036  000.155  000.001  000.034


000.000  000.000  000.000  000.387  000.188  000.000
000.243  000.329  000.000  000.360  000.041  000.174
000.298  000.135  000.140  000.354  000.020  000.201
000.321  000.072  000.180  000.355  000.012  000.207
000.335  000.044  000.194  000.359  000.009  000.206
000.346  000.029  000.197  000.364  000.007  000.201
000.355  000.021  000.195  000.369  000.006  000.195
000.363  000.015  000.190  000.375  000.005  000.187
000.370  000.012  000.184  000.380  000.004  000.179
000.367  000.009  000.171  000.376  000.003  000.164
000.372  000.007  000.162  000.379  000.003  000.155
000.377  000.006  000.154  000.382  000.003  000.146
000.380  000.005  000.144  000.384  000.002  000.136
000.382  000.004  000.135  000.385  000.002  000.126
000.384  000.004  000.125  000.386  000.002  000.116
000.384  000.003  000.116  000.385  000.002  000.107


000.000  000.000  000.000  000.800  000.391  000.000
000.501  000.685  000.000  000.741  000.084  000.365
000.610  000.282  000.292  000.724  000.040  000.422
000.654  000.150  000.378  000.721  000.025  000.434
000.679  000.091  000.406  000.724  000.018  000.431
000.696  000.060  000.412  000.729  000.014  000.421
000.709  000.043  000.408  000.734  000.011  000.407
000.720  000.031  000.397  000.739  000.009  000.390
000.728  000.024  000.383  000.742  000.008  000.372
000.742  000.019  000.370  000.756  000.007  000.359
000.749  000.015  000.354  000.761  000.006  000.341
000.755  000.013  000.337  000.764  000.005  000.322
000.759  000.011  000.319  000.766  000.005  000.304
000.761  000.009  000.301  000.766  000.004  000.285
000.762  000.008  000.283  000.765  000.004  000.267
000.762  000.007  000.265  000.763  000.003  000.249
